[gd_scene load_steps=19 format=3 uid="uid://ct852dkl6ku6s"]

[ext_resource type="Script" path="res://Scripts/Gamemode/scene_manager.gd" id="1_410i3"]
[ext_resource type="Material" uid="uid://cgfl87jihapb" path="res://Assets/Materials/Standard Materials/prototype_dark_green.tres" id="3_bup4s"]
[ext_resource type="PackedScene" uid="uid://0xifsmm55f7c" path="res://Scenes/Props/bus.tscn" id="3_eubg1"]
[ext_resource type="Material" uid="uid://bbyh52cc6ljvg" path="res://Assets/Materials/Standard Materials/prototype_grey.tres" id="3_oifnu"]
[ext_resource type="Material" uid="uid://clau1arwwv1yw" path="res://Assets/Materials/Standard Materials/prototype_orange.tres" id="5_vqyvj"]
[ext_resource type="PackedScene" uid="uid://b4ndbkbrfg2mn" path="res://Scenes/Props/car.tscn" id="6_w5yxe"]
[ext_resource type="PackedScene" uid="uid://dncjx2l3x75yd" path="res://Scenes/Props/lamp.tscn" id="7_4q5b8"]
[ext_resource type="PackedScene" uid="uid://cskbtk0y2fmsx" path="res://Scenes/Props/roadblock.tscn" id="8_1lgxw"]
[ext_resource type="PackedScene" uid="uid://eck8i1mdaecj" path="res://Scenes/Props/truck.tscn" id="9_x8j2o"]
[ext_resource type="PackedScene" uid="uid://b6evxern6ufl0" path="res://Scenes/Props/bin.tscn" id="10_a6t26"]
[ext_resource type="PackedScene" uid="uid://ckmsx5oqo4ck2" path="res://Scenes/Props/generator.tscn" id="11_tg32h"]
[ext_resource type="PackedScene" uid="uid://i4cylwwnvcmc" path="res://Scenes/Props/dumpster.tscn" id="12_peqic"]
[ext_resource type="PackedScene" uid="uid://d181i1bkg820c" path="res://Scenes/Props/mesh_fence.tscn" id="13_6b220"]
[ext_resource type="PackedScene" uid="uid://b37bttipab74m" path="res://Scenes/Props/ShadedTable.tscn" id="14_k8wuy"]
[ext_resource type="PackedScene" uid="uid://cak37u66ch6jc" path="res://Scenes/Props/scaffold.tscn" id="15_fesdp"]

[sub_resource type="ProceduralSkyMaterial" id="ProceduralSkyMaterial_b7t75"]
sky_horizon_color = Color(0.64625, 0.65575, 0.67075, 1)
ground_horizon_color = Color(0.64625, 0.65575, 0.67075, 1)

[sub_resource type="Sky" id="Sky_uxvi4"]
sky_material = SubResource("ProceduralSkyMaterial_b7t75")

[sub_resource type="Environment" id="Environment_sb4fc"]
background_mode = 2
sky = SubResource("Sky_uxvi4")
tonemap_mode = 2
glow_enabled = true

[node name="Level" type="Node3D" node_paths=PackedStringArray("spawn_points", "zone_respawn_points") groups=["level"]]
script = ExtResource("1_410i3")
spawn_points = [NodePath("PlayerSpawnPoints/Spawn1"), NodePath("PlayerSpawnPoints/Spawn2"), NodePath("PlayerSpawnPoints/Spawn3"), NodePath("PlayerSpawnPoints/Spawn4")]
zone_respawn_points = [NodePath("ZoneRespawnPoints/Zone1Respawn")]

[node name="MultiplayerSpawner" type="MultiplayerSpawner" parent="."]
_spawnable_scenes = PackedStringArray("res://Scenes/Multiplayer/multiplayer_player.tscn")
spawn_path = NodePath("..")
spawn_limit = 4

[node name="DirectionalLight3D" type="DirectionalLight3D" parent="."]
transform = Transform3D(-0.866023, -0.433016, 0.250001, 0, 0.499998, 0.866027, -0.500003, 0.749999, -0.43301, 0, 0, 0)
shadow_enabled = true

[node name="WorldEnvironment" type="WorldEnvironment" parent="."]
environment = SubResource("Environment_sb4fc")

[node name="ZoneRespawnPoints" type="Node" parent="."]

[node name="Zone1Respawn" type="Node3D" parent="ZoneRespawnPoints"]
transform = Transform3D(1, 0, 0, 0, 1, 0, 0, 0, 1, 0, 1, 1)

[node name="PlayerSpawnPoints" type="Node" parent="."]

[node name="Spawn1" type="Node3D" parent="PlayerSpawnPoints"]
transform = Transform3D(1, 0, 0, 0, 1, 0, 0, 0, 1, 31.4998, 3.63673, -13.3362)

[node name="Spawn2" type="Node3D" parent="PlayerSpawnPoints"]
transform = Transform3D(1, 0, 0, 0, 1, 0, 0, 0, 1, 29.6045, 2.4403, -5.74297)

[node name="Spawn3" type="Node3D" parent="PlayerSpawnPoints"]
transform = Transform3D(1, 0, 0, 0, 1, 0, 0, 0, 1, 25.9423, 2.61849, -9.53789)

[node name="Spawn4" type="Node3D" parent="PlayerSpawnPoints"]
transform = Transform3D(1, 0, 0, 0, 1, 0, 0, 0, 1, 26.2693, 2.83722, -5.30787)

[node name="LevelGeometry" type="Node" parent="."]

[node name="HouseOnHill" type="Node" parent="LevelGeometry"]

[node name="Building" type="CSGBox3D" parent="LevelGeometry/HouseOnHill"]
transform = Transform3D(1, 0, 0, 0, 1, 0, 0, 0, 1, -28.9854, 10.7762, -5.55327)
use_collision = true
size = Vector3(25, 5, 0.5)
material = ExtResource("5_vqyvj")

[node name="Wall2" type="CSGBox3D" parent="LevelGeometry/HouseOnHill/Building"]
transform = Transform3D(1, 0, 0, 0, 1, 0, 0, 0, 1, -12.25, 0, 7)
size = Vector3(0.5, 5, 13.5)
material = ExtResource("5_vqyvj")

[node name="Wall3" type="CSGBox3D" parent="LevelGeometry/HouseOnHill/Building"]
transform = Transform3D(1, 0, 0, 0, 1, 0, 0, 0, 1, 0, 0, 14)
use_collision = true
size = Vector3(25, 5, 0.5)
material = ExtResource("5_vqyvj")

[node name="Wall4" type="CSGBox3D" parent="LevelGeometry/HouseOnHill/Building"]
transform = Transform3D(1, 0, 0, 0, 1, 0, 0, 0, 1, 12.25, 0, 7)
size = Vector3(0.5, 5, 13.5)
material = ExtResource("5_vqyvj")

[node name="Wall5" type="CSGBox3D" parent="LevelGeometry/HouseOnHill/Building"]
transform = Transform3D(1, 0, 0, 0, 1, 0, 0, 0, 1, -6.25, 0, 7)
size = Vector3(0.5, 5, 13.5)
material = ExtResource("5_vqyvj")

[node name="Door" type="CSGBox3D" parent="LevelGeometry/HouseOnHill/Building"]
transform = Transform3D(1, 0, 0, 0, 1, 0, 0, 0, 1, 0, -1, 14)
operation = 2
size = Vector3(2, 3, 1)
material = ExtResource("5_vqyvj")

[node name="Door2" type="CSGBox3D" parent="LevelGeometry/HouseOnHill/Building"]
transform = Transform3D(1, 0, 0, 0, 1, 0, 0, 0, 1, 7, -1, 0)
operation = 2
size = Vector3(2, 3, 1)
material = ExtResource("5_vqyvj")

[node name="Door3" type="CSGBox3D" parent="LevelGeometry/HouseOnHill/Building"]
transform = Transform3D(-4.37114e-08, 0, 1, 0, 1, 0, -1, 0, -4.37114e-08, -6.25, -1, 10.25)
operation = 2
size = Vector3(2, 3, 1)
material = ExtResource("5_vqyvj")

[node name="Window" type="CSGBox3D" parent="LevelGeometry/HouseOnHill/Building"]
transform = Transform3D(-4.37114e-08, 0, 1, 0, 1, 0, -1, 0, -4.37114e-08, -12.25, -0.625, 3.75)
operation = 2
size = Vector3(3, 2.25, 1)
material = ExtResource("5_vqyvj")

[node name="Window2" type="CSGBox3D" parent="LevelGeometry/HouseOnHill/Building"]
transform = Transform3D(-4.37114e-08, 0, 1, 0, 1, 0, -1, 0, -4.37114e-08, 12.2531, -0.625, 7.00374)
operation = 2
size = Vector3(4.5, 2.25, 1)
material = ExtResource("5_vqyvj")

[node name="Window3" type="CSGBox3D" parent="LevelGeometry/HouseOnHill/Building"]
transform = Transform3D(-1, 0, -8.74228e-08, 0, 1, 0, 8.74228e-08, 0, -1, 2.5, -0.625, 0)
operation = 2
size = Vector3(3, 2.25, 1)
material = ExtResource("5_vqyvj")

[node name="Roof" type="CSGBox3D" parent="LevelGeometry/HouseOnHill/Building"]
transform = Transform3D(1, 0, 0, 0, 1, 0, 0, 0, 1, 0, 4.5, 7)
size = Vector3(25, 4, 14.5)
material = ExtResource("5_vqyvj")

[node name="CSGBox3D" type="CSGBox3D" parent="LevelGeometry/HouseOnHill/Building/Roof"]
transform = Transform3D(0.882948, -0.469472, 0, 0.469472, 0.882948, 0, 0, 0, 1, -10.79, 1.173, 0)
operation = 2
size = Vector3(11, 4, 14.5)
material = ExtResource("3_oifnu")

[node name="CSGBox3D2" type="CSGBox3D" parent="LevelGeometry/HouseOnHill/Building/Roof"]
transform = Transform3D(-0.882948, 0.469472, 1.50996e-07, 0.469472, 0.882948, 0, -1.33321e-07, 7.08882e-08, -1, 10.8004, 1.17269, 0)
operation = 2
size = Vector3(11, 4, 14.5)
material = ExtResource("3_oifnu")

[node name="CSGBox3D3" type="CSGBox3D" parent="LevelGeometry/HouseOnHill/Building/Roof"]
transform = Transform3D(6.66607e-08, -3.54441e-08, 1, 0.469472, 0.882948, -3.55271e-15, -0.882948, 0.469472, 7.54979e-08, 0, 1.17265, 5.54358)
operation = 2
size = Vector3(11, 4, 25)
material = ExtResource("3_oifnu")

[node name="CSGBox3D4" type="CSGBox3D" parent="LevelGeometry/HouseOnHill/Building/Roof"]
transform = Transform3D(-3.85949e-08, 2.05213e-08, -1, 0.469472, 0.882948, -3.55271e-15, 0.882948, -0.469472, -4.37114e-08, 0, 1.17265, -5.54198)
operation = 2
size = Vector3(11, 4, 25)
material = ExtResource("3_oifnu")

[node name="Crate" type="CSGBox3D" parent="LevelGeometry/HouseOnHill"]
transform = Transform3D(0.987364, 0, -0.158468, 0, 1, 0, 0.158468, 0, 0.987364, -35.7233, 9.12728, -6.70927)
use_collision = true
size = Vector3(1.5, 1.5, 1.5)
material = ExtResource("5_vqyvj")

[node name="Crate2" type="CSGBox3D" parent="LevelGeometry/HouseOnHill"]
transform = Transform3D(0.995642, 0, 0.0932569, 0, 1, 0, -0.0932569, 0, 0.995642, -33.7388, 9.37728, -6.90607)
use_collision = true
size = Vector3(2, 2, 2)
material = ExtResource("5_vqyvj")

[node name="Crate4" type="CSGBox3D" parent="LevelGeometry/HouseOnHill"]
transform = Transform3D(0.995642, 0, 0.0932569, 0, 1, 0, -0.0932569, 0, 0.995642, -42.7156, 9.29638, 3.66772)
use_collision = true
size = Vector3(2.2, 2, 2)
material = ExtResource("5_vqyvj")

[node name="Crate5" type="CSGBox3D" parent="LevelGeometry/HouseOnHill"]
transform = Transform3D(0.99997, 0, 0.00767943, 0, 1, 0, -0.00767943, 0, 0.99997, -42.7132, 9.47558, 6.53523)
use_collision = true
size = Vector3(2.2, 2.4, 2.6)
material = ExtResource("5_vqyvj")

[node name="Crate3" type="CSGBox3D" parent="LevelGeometry/HouseOnHill"]
transform = Transform3D(0.966864, 0, -0.255294, 0, 1, 0, 0.255294, 0, 0.966864, -33.9548, 10.8773, -6.43217)
use_collision = true
material = ExtResource("5_vqyvj")

[node name="RoomLight6" type="CSGBox3D" parent="LevelGeometry/HouseOnHill"]
transform = Transform3D(0.0322132, 0, 0.999481, -0.99931, -0.0185169, 0.0322076, 0.0185073, -0.999828, -0.000596489, -38.1941, 11.9688, 5.71763)
cast_shadow = 0
size = Vector3(0.1, 0.3, 0.3)
material = ExtResource("5_vqyvj")

[node name="SpotLight3D" type="SpotLight3D" parent="LevelGeometry/HouseOnHill/RoomLight6"]
transform = Transform3D(0.00523596, 4.34825e-08, -0.999986, 0.999986, -4.37108e-08, 0.00523596, -4.34825e-08, -1, -4.37108e-08, -0.0364494, 0.000724792, -0.0125055)
light_energy = 16.0
light_size = 3.0
light_specular = 0.01
light_bake_mode = 1
spot_range = 9.22542
spot_angle = 42.1506

[node name="OmniLight3D" type="OmniLight3D" parent="LevelGeometry/HouseOnHill/RoomLight6"]
transform = Transform3D(1, 3.72529e-09, -1.25583e-08, 0, 1, 0, -1.38334e-09, 0, 1, 0.184261, 0.00341415, -0.00593948)
light_energy = 2.0
light_indirect_energy = 2.0
light_size = 1.0
light_specular = 1.0
shadow_enabled = true
shadow_bias = 5.0

[node name="RoomLight7" type="CSGBox3D" parent="LevelGeometry/HouseOnHill"]
transform = Transform3D(0.0322132, 0, 0.999481, -0.99931, -0.0185169, 0.0322076, 0.0185073, -0.999828, -0.000596489, -26.1431, 11.9688, 1.44333)
cast_shadow = 0
size = Vector3(0.1, 0.3, 0.3)
material = ExtResource("5_vqyvj")

[node name="SpotLight3D" type="SpotLight3D" parent="LevelGeometry/HouseOnHill/RoomLight7"]
transform = Transform3D(0.00523596, 4.34825e-08, -0.999986, 0.999986, -4.37108e-08, 0.00523596, -4.34825e-08, -1, -4.37108e-08, -0.0364494, 0.000724792, -0.0125055)
light_energy = 16.0
light_size = 3.0
light_specular = 0.01
light_bake_mode = 1
spot_range = 10.469
spot_angle = 55.5687

[node name="OmniLight3D" type="OmniLight3D" parent="LevelGeometry/HouseOnHill/RoomLight7"]
transform = Transform3D(1, 3.72529e-09, -1.25583e-08, 0, 1, 0, -1.38334e-09, 0, 1, 0.184261, 0.00341415, -0.00593948)
light_energy = 2.0
light_indirect_energy = 2.0
light_size = 1.0
light_specular = 1.0
shadow_enabled = true
shadow_bias = 5.0
omni_range = 11.9552

[node name="RoomLight5" type="CSGBox3D" parent="LevelGeometry/HouseOnHill"]
transform = Transform3D(0.0322132, 0, 0.999481, -0.99931, -0.0185169, 0.0322076, 0.0185073, -0.999828, -0.000596489, -38.1941, 11.9688, -2.62707)
cast_shadow = 0
size = Vector3(0.1, 0.3, 0.3)
material = ExtResource("5_vqyvj")

[node name="SpotLight3D" type="SpotLight3D" parent="LevelGeometry/HouseOnHill/RoomLight5"]
transform = Transform3D(0.00523596, 4.34825e-08, -0.999986, 0.999986, -4.37108e-08, 0.00523596, -4.34825e-08, -1, -4.37108e-08, -0.0364494, 0.000724792, -0.0125055)
light_energy = 16.0
light_size = 3.0
light_specular = 0.01
light_bake_mode = 1
spot_range = 9.22542
spot_angle = 42.1506

[node name="OmniLight3D" type="OmniLight3D" parent="LevelGeometry/HouseOnHill/RoomLight5"]
transform = Transform3D(1, 3.72529e-09, -1.25583e-08, 0, 1, 0, -1.38334e-09, 0, 1, 0.184261, 0.00341415, -0.00593948)
light_energy = 2.0
light_indirect_energy = 2.0
light_size = 1.0
light_specular = 1.0
shadow_enabled = true
shadow_bias = 5.0

[node name="BottomRoad" type="Node" parent="LevelGeometry"]

[node name="Road1" type="CSGBox3D" parent="LevelGeometry/BottomRoad"]
transform = Transform3D(1, 0, 0, 0, 1, 0, 0, 0, 1, 36.5406, -3.99334, 14.7021)
size = Vector3(7, 8, 52.1981)
material = ExtResource("5_vqyvj")

[node name="Road3" type="CSGBox3D" parent="LevelGeometry/BottomRoad"]
transform = Transform3D(1, 0, 0, 0, 1, 0, 0, 0, 1, 29.6151, -3.99334, 44.5942)
size = Vector3(7, 8, 10.7407)
material = ExtResource("5_vqyvj")

[node name="Road2" type="CSGBox3D" parent="LevelGeometry/BottomRoad"]
transform = Transform3D(-4.37114e-08, 0, 1, 0, 1, 0, -1, 0, -4.37114e-08, -3.18208, -3.96425, 37.3161)
size = Vector3(7, 8, 78)
material = ExtResource("5_vqyvj")

[node name="RoadObstacles" type="Node" parent="LevelGeometry/BottomRoad"]

[node name="CSGBox3D42" type="CSGBox3D" parent="LevelGeometry/BottomRoad/RoadObstacles"]
transform = Transform3D(1, 0, 0, 0, 1, 0, 0, 0, 1, -33.5482, 1.43248, 23.2081)
use_collision = true
size = Vector3(3, 3, 3)
material = ExtResource("5_vqyvj")

[node name="CSGBox3D44" type="CSGBox3D" parent="LevelGeometry/BottomRoad/RoadObstacles"]
transform = Transform3D(0.952746, 0, 0.303767, 0, 1, 0, -0.303767, 0, 0.952746, -29.4459, 1.43248, 44.4756)
use_collision = true
size = Vector3(3, 3, 3)
material = ExtResource("5_vqyvj")

[node name="CSGBox3D45" type="CSGBox3D" parent="LevelGeometry/BottomRoad/RoadObstacles"]
transform = Transform3D(0.987466, 0, -0.157831, 0, 1, 0, 0.157831, 0, 0.987466, -25.9866, 1.89983, 42.7122)
use_collision = true
size = Vector3(3, 4, 3)
material = ExtResource("5_vqyvj")

[node name="CSGBox3D68" type="CSGBox3D" parent="LevelGeometry/BottomRoad/RoadObstacles"]
transform = Transform3D(0.987466, 0, -0.157831, 0, 1, 0, 0.157831, 0, 0.987466, -25.9866, 3.0005, 45.1809)
use_collision = true
size = Vector3(1.5, 6, 1.5)
material = ExtResource("5_vqyvj")

[node name="CSGBox3D46" type="CSGBox3D" parent="LevelGeometry/BottomRoad/RoadObstacles"]
transform = Transform3D(0.888129, 0, -0.459595, 0, 1, 0, 0.459595, 0, 0.888129, -25.9866, 1.43248, 38.9985)
use_collision = true
size = Vector3(3, 3, 3)
material = ExtResource("5_vqyvj")

[node name="CSGBox3D47" type="CSGBox3D" parent="LevelGeometry/BottomRoad/RoadObstacles"]
transform = Transform3D(0.593278, 0, -0.804997, 0, 1, 0, 0.804997, 0, 0.593278, -23.5735, 0.948442, 40.6826)
use_collision = true
size = Vector3(2, 2, 2)
material = ExtResource("5_vqyvj")

[node name="CSGBox3D43" type="CSGBox3D" parent="LevelGeometry/BottomRoad/RoadObstacles"]
transform = Transform3D(0.984347, 0, 0.176243, 0, 1, 0, -0.176243, 0, 0.984347, -34.1192, 1.43248, 26.7726)
use_collision = true
size = Vector3(3, 3, 3)
material = ExtResource("5_vqyvj")

[node name="bus" parent="LevelGeometry/BottomRoad/RoadObstacles" instance=ExtResource("3_eubg1")]
transform = Transform3D(0.951331, 0, 0.30817, 0, 1, 0, -0.30817, 0, 0.951331, 18.6036, 0.0280416, 37.2651)

[node name="Car" parent="LevelGeometry/BottomRoad/RoadObstacles" instance=ExtResource("6_w5yxe")]
transform = Transform3D(-0.839013, 0, -0.544112, 0, 1, 0, 0.544112, 0, -0.839013, 37.8058, 0.247466, 16.39)

[node name="Car5" parent="LevelGeometry/BottomRoad/RoadObstacles" instance=ExtResource("6_w5yxe")]
transform = Transform3D(-0.528542, 0, 0.848908, 0, 1, 0, -0.848908, 0, -0.528542, -13.486, 0.247466, 38.0687)

[node name="Car6" parent="LevelGeometry/BottomRoad/RoadObstacles" instance=ExtResource("6_w5yxe")]
transform = Transform3D(-0.212076, 0, -0.977254, 0, 1, 0, 0.977254, 0, -0.212076, -16.6062, 0.247466, 35.8388)

[node name="Car3" parent="LevelGeometry/BottomRoad/RoadObstacles" instance=ExtResource("6_w5yxe")]
transform = Transform3D(-0.984325, 0, -0.176363, 0, 1, 0, 0.176363, 0, -0.984325, 22.4494, 0.247466, 37.673)

[node name="Car2" parent="LevelGeometry/BottomRoad/RoadObstacles" instance=ExtResource("6_w5yxe")]
transform = Transform3D(-0.999606, 0, 0.0280786, 0, 1, 0, -0.0280786, 0, -0.999606, 40.1312, 0.247466, 13.9252)

[node name="Car4" parent="LevelGeometry/BottomRoad/RoadObstacles" instance=ExtResource("6_w5yxe")]
transform = Transform3D(-0.743051, 0, 0.669234, 0, 1, 0, -0.669234, 0, -0.743051, 34.5931, 0.247466, 0.55546)

[node name="Lamp" parent="LevelGeometry/BottomRoad/RoadObstacles" instance=ExtResource("7_4q5b8")]
transform = Transform3D(-4.37114e-08, 0, 1, 0, 1, 0, -1, 0, -4.37114e-08, 40.631, 0.257217, 17.3152)

[node name="Lamp2" parent="LevelGeometry/BottomRoad/RoadObstacles" instance=ExtResource("7_4q5b8")]
transform = Transform3D(0.00509127, 0.333585, 0.942706, 0.124381, 0.935186, -0.331596, -0.992222, 0.118943, -0.0367302, 40.631, 0.257217, 40.2025)

[node name="Lamp3" parent="LevelGeometry/BottomRoad/RoadObstacles" instance=ExtResource("7_4q5b8")]
transform = Transform3D(1, 0, 0, 0, 1, 0, 0, 0, 1, 9.86318, 0.257217, 41.3136)

[node name="Lamp4" parent="LevelGeometry/BottomRoad/RoadObstacles" instance=ExtResource("7_4q5b8")]
transform = Transform3D(1, 0, 0, 0, 1, 0, 0, 0, 1, -17.4006, 0.257217, 41.3136)

[node name="Lamp5" parent="LevelGeometry/BottomRoad/RoadObstacles" instance=ExtResource("7_4q5b8")]
transform = Transform3D(1, 0, 0, 0, 1, 0, 0, 0, 1, -41.6282, 0.257217, 41.3136)

[node name="roadblock" parent="LevelGeometry/BottomRoad/RoadObstacles" instance=ExtResource("8_1lgxw")]
transform = Transform3D(0.790679, 0, 0.612231, 0, 1, 0, -0.612231, 0, 0.790679, 39.4508, 0.484885, 18.9384)

[node name="roadblock3" parent="LevelGeometry/BottomRoad/RoadObstacles" instance=ExtResource("8_1lgxw")]
transform = Transform3D(-0.487936, 0, 0.87288, 0, 1, 0, -0.87288, 0, -0.487936, -15.8452, 0.484885, 39.9104)

[node name="roadblock7" parent="LevelGeometry/BottomRoad/RoadObstacles" instance=ExtResource("8_1lgxw")]
transform = Transform3D(-0.487936, 0, 0.87288, 0, 1, 0, -0.87288, 0, -0.487936, 3.37681, 0.484885, 30.6593)

[node name="roadblock8" parent="LevelGeometry/BottomRoad/RoadObstacles" instance=ExtResource("8_1lgxw")]
transform = Transform3D(0.188598, 0, 0.982054, 0, 1, 0, -0.982054, 0, 0.188598, 3.37681, 0.484885, 33.1443)

[node name="roadblock9" parent="LevelGeometry/BottomRoad/RoadObstacles" instance=ExtResource("8_1lgxw")]
transform = Transform3D(-0.19983, 0, 0.979831, 0, 1, 0, -0.979831, 0, -0.19983, 3.37681, 0.484885, 38.148)

[node name="roadblock11" parent="LevelGeometry/BottomRoad/RoadObstacles" instance=ExtResource("8_1lgxw")]
transform = Transform3D(-0.99921, 0, 0.0397307, 0, 1, 0, -0.0397307, 0, -0.99921, 33.5344, 0.484885, 44.0527)

[node name="roadblock12" parent="LevelGeometry/BottomRoad/RoadObstacles" instance=ExtResource("8_1lgxw")]
transform = Transform3D(-0.958696, 0, 0.284434, 0, 1, 0, -0.284434, 0, -0.958696, 24.32, 0.484885, 44.0527)

[node name="roadblock13" parent="LevelGeometry/BottomRoad/RoadObstacles" instance=ExtResource("8_1lgxw")]
transform = Transform3D(-0.993163, 0, -0.11674, 0, 1, 0, 0.11674, 0, -0.993163, 27.1248, 0.484885, 44.0527)

[node name="roadblock10" parent="LevelGeometry/BottomRoad/RoadObstacles" instance=ExtResource("8_1lgxw")]
transform = Transform3D(-0.487972, -0.846525, -0.21279, 0.00441797, -0.246177, 0.969215, -0.872848, 0.472009, 0.123868, -1.34271, 0.286797, 33.2626)

[node name="roadblock5" parent="LevelGeometry/BottomRoad/RoadObstacles" instance=ExtResource("8_1lgxw")]
transform = Transform3D(-0.263368, 0, 0.964695, 0, 1, 0, -0.964695, 0, -0.263368, -38.3271, 0.484885, 35.9024)

[node name="roadblock6" parent="LevelGeometry/BottomRoad/RoadObstacles" instance=ExtResource("8_1lgxw")]
transform = Transform3D(-0.0166845, 0, 0.999861, 0, 1, 0, -0.999861, 0, -0.0166845, -38.3271, 0.484885, 40.2189)

[node name="roadblock2" parent="LevelGeometry/BottomRoad/RoadObstacles" instance=ExtResource("8_1lgxw")]
transform = Transform3D(0.994796, 0, -0.10189, 0, 1, 0, 0.10189, 0, 0.994796, 23.182, 0.484885, 40.7741)

[node name="CSGBox3D" parent="LevelGeometry/BottomRoad/RoadObstacles" instance=ExtResource("9_x8j2o")]
transform = Transform3D(0.574248, 0, 0.818681, 0, 1, 0, -0.818681, 0, 0.574248, 39.081, 1.72147, 39.3066)

[node name="CSGBox3D2" parent="LevelGeometry/BottomRoad/RoadObstacles" instance=ExtResource("9_x8j2o")]
transform = Transform3D(0.291988, 0, -0.956422, 0, 1, 0, 0.956422, 0, 0.291988, -36.6931, 1.72147, 34.74)

[node name="roadblock4" parent="LevelGeometry/BottomRoad/RoadObstacles" instance=ExtResource("8_1lgxw")]
transform = Transform3D(-0.820342, 0, 0.571874, 0, 1, 0, -0.571874, 0, -0.820342, -17.4198, 0.484885, 37.7183)

[node name="Stores" type="Node" parent="LevelGeometry"]

[node name="CSGBox3D" type="CSGBox3D" parent="LevelGeometry/Stores"]
transform = Transform3D(1, 0, 0, 0, 1, 0, 0, 0, 1, 53.9124, 6.91857, 6.06741)
use_collision = true
size = Vector3(15, 12, 20)
material = ExtResource("5_vqyvj")

[node name="CSGBox3D2" type="CSGBox3D" parent="LevelGeometry/Stores"]
transform = Transform3D(1, 0, 0, 0, 1, 0, 0, 0, 1, 52.5908, 6.91857, 27.6424)
use_collision = true
size = Vector3(12, 12, 15)
material = ExtResource("5_vqyvj")

[node name="CSGBox3D60" type="CSGBox3D" parent="LevelGeometry/Stores"]
transform = Transform3D(-4.37114e-08, 0, 1, 0, 1, 0, -1, 0, -4.37114e-08, 63.7217, 2.15221, 15.9424)
use_collision = true
size = Vector3(0.2, 2.53271, 4.84358)
material = ExtResource("5_vqyvj")

[node name="CSGBox3D61" type="CSGBox3D" parent="LevelGeometry/Stores"]
transform = Transform3D(-1, 0, 8.74228e-08, 0, 1, 0, -8.74228e-08, 0, -1, 52.2148, 2.88687, 48.3515)
use_collision = true
size = Vector3(0.2, 4, 2.928)
material = ExtResource("5_vqyvj")

[node name="CSGBox3D" type="CSGBox3D" parent="LevelGeometry/Stores/CSGBox3D61"]
transform = Transform3D(1, 0, 0, 0, 1, 0, 0, 0, 1, 0, -1.18154, 0)
operation = 2
size = Vector3(1.5, 1.6, 1.6)

[node name="CSGBox3D3" type="CSGBox3D" parent="LevelGeometry/Stores"]
transform = Transform3D(1, 0, 0, 0, 1, 0, 0, 0, 1, 52.4583, 4.41857, 40.9428)
use_collision = true
size = Vector3(10, 7, 12)
material = ExtResource("5_vqyvj")

[node name="CSGBox3D62" type="CSGBox3D" parent="LevelGeometry/Stores"]
transform = Transform3D(0.996228, 0, -0.0867732, 0, 1, 0, 0.0867732, 0, 0.996228, 45.6228, 2.2069, 25.9718)
use_collision = true
size = Vector3(2.497, 2.577, 1.1)
material = ExtResource("5_vqyvj")

[node name="CSGBox3D63" type="CSGBox3D" parent="LevelGeometry/Stores"]
transform = Transform3D(1, 0, 0, 0, 1, 0, 0, 0, 1, 43.6081, 3.37666, 34.0034)
use_collision = true
size = Vector3(1.5, 5, 2)
material = ExtResource("5_vqyvj")

[node name="CSGBox3D64" type="CSGBox3D" parent="LevelGeometry/Stores"]
transform = Transform3D(1, 0, 0, 0, 1, 0, 0, 0, 1, 43.5925, 3.37666, 21.1403)
use_collision = true
size = Vector3(1.5, 5, 2)
material = ExtResource("5_vqyvj")

[node name="CSGBox3D65" type="CSGBox3D" parent="LevelGeometry/Stores"]
transform = Transform3D(1, 0, 0, 0, 1, 0, 0, 0, 1, 43.2565, 3.37666, 15.0567)
use_collision = true
size = Vector3(1.5, 5, 2)
material = ExtResource("5_vqyvj")

[node name="CSGBox3D66" type="CSGBox3D" parent="LevelGeometry/Stores"]
transform = Transform3D(1, 0, 0, 0, 1, 0, 0, 0, 1, 43.2461, 3.37666, -2.93092)
use_collision = true
size = Vector3(1.5, 5, 2)
material = ExtResource("5_vqyvj")

[node name="CSGBox3D58" type="CSGBox3D" parent="LevelGeometry/Stores"]
transform = Transform3D(0.996228, 0, -0.0867732, 0, 1, 0, 0.0867732, 0, 0.996228, 64.614, 2.39359, 30.4821)
use_collision = true
size = Vector3(6, 3, 3)
material = ExtResource("5_vqyvj")

[node name="CSGBox3D59" type="CSGBox3D" parent="LevelGeometry/Stores"]
transform = Transform3D(0.99973, 0, 0.0232282, 0, 1, 0, -0.0232282, 0, 0.99973, 65.7966, 1.81857, 27.959)
use_collision = true
size = Vector3(4, 1.8, 1.6)
material = ExtResource("5_vqyvj")

[node name="CSGBox3D34" type="CSGBox3D" parent="LevelGeometry/Stores"]
transform = Transform3D(1, 0, 0, 0, 1, 0, 0, 0, 1, 44.4846, 5.90615, 5.57826)
use_collision = true
size = Vector3(4, 0.1, 21.0466)
material = ExtResource("3_oifnu")

[node name="CSGBox3D35" type="CSGBox3D" parent="LevelGeometry/Stores"]
transform = Transform3D(1, 0, 0, 0, 1, 0, 0, 0, 1, 44.8183, 5.90615, 27.908)
use_collision = true
size = Vector3(4, 0.1, 17.8833)
material = ExtResource("3_oifnu")

[node name="CSGBox3D67" type="CSGBox3D" parent="LevelGeometry/Stores"]
transform = Transform3D(0.856265, 0.147714, -0.494966, -0.000774941, 0.958605, 0.284738, 0.516536, -0.243427, 0.820934, 61.0976, 6.25376, 36.612)
use_collision = true
size = Vector3(3, 0.1, 15.673)
material = ExtResource("3_oifnu")

[node name="CSGBox3D4" parent="LevelGeometry/Stores" instance=ExtResource("9_x8j2o")]
transform = Transform3D(0.00642277, 0, -0.999979, 0, 1, 0, 0.999979, 0, 0.00642277, 50.7792, 2.5298, -5.89105)

[node name="Dumpster3" parent="LevelGeometry/Stores" instance=ExtResource("12_peqic")]
transform = Transform3D(-0.127896, 0, 0.991788, 0, 1, 0, -0.991788, 0, -0.127896, 62.5848, 0.946446, 11.1294)

[node name="Dumpster4" parent="LevelGeometry/Stores" instance=ExtResource("12_peqic")]
transform = Transform3D(-0.00851709, 0, 0.999964, 0, 1, 0, -0.999964, 0, -0.00851709, 62.5848, 0.946446, 14.1389)

[node name="Dumpster5" parent="LevelGeometry/Stores" instance=ExtResource("12_peqic")]
transform = Transform3D(-0.00851709, 0, 0.999964, 0, 1, 0, -0.999964, 0, -0.00851709, 59.7123, 0.946446, 21.5278)

[node name="Dumpster6" parent="LevelGeometry/Stores" instance=ExtResource("12_peqic")]
transform = Transform3D(0.0350391, 0, 0.999386, 0, 1, 0, -0.999386, 0, 0.0350391, 59.7123, 0.946446, 24.543)

[node name="bin3" parent="LevelGeometry/Stores" instance=ExtResource("10_a6t26")]
transform = Transform3D(-0.0928224, 0, 0.995683, 0, 1, 0, -0.995683, 0, -0.0928224, 58.365, 1.13027, 45.5532)

[node name="bin4" parent="LevelGeometry/Stores" instance=ExtResource("10_a6t26")]
transform = Transform3D(0.134695, 0, 0.990887, 0, 1, 0, -0.990887, 0, 0.134695, 58.365, 1.13027, 44.224)

[node name="bin5" parent="LevelGeometry/Stores" instance=ExtResource("10_a6t26")]
transform = Transform3D(0.146756, 0, 0.989173, 0, 1, 0, -0.989173, 0, 0.146756, 58.365, 1.13027, 42.4008)

[node name="Generator2" parent="LevelGeometry/Stores" instance=ExtResource("11_tg32h")]
transform = Transform3D(1, 0, 0, 0, -4.37114e-08, 1, 0, -1, -4.37114e-08, 57.0811, 2.17957, 20.1474)

[node name="Generator3" parent="LevelGeometry/Stores" instance=ExtResource("11_tg32h")]
transform = Transform3D(-1, -8.74228e-08, -3.82137e-15, 0, -4.37114e-08, 1, -8.74228e-08, 1, 4.37114e-08, 49.9452, 2.17957, 16.0099)

[node name="Hardware Store" type="Node" parent="LevelGeometry"]

[node name="Interior" type="Node" parent="LevelGeometry/Hardware Store"]

[node name="SpotLight3D" type="SpotLight3D" parent="LevelGeometry/Hardware Store/Interior"]
transform = Transform3D(1, 0, 0, 0, -4.37114e-08, 1, 0, -1, -4.37114e-08, 2.80211, 9.63426, 3.10565)
light_energy = 16.0
light_volumetric_fog_energy = 0.0
light_specular = 1.595
spot_range = 34.7432
spot_angle = 77.3438

[node name="Service Store" type="CSGMesh3D" parent="LevelGeometry/Hardware Store/Interior"]
transform = Transform3D(1, 0, 0, 0, 1, 0, 0, 0, 1, 0, 1.5, 0)
use_collision = true

[node name="CSGBox3D5" type="CSGBox3D" parent="LevelGeometry/Hardware Store/Interior/Service Store"]
transform = Transform3D(1, 0, 0, 0, 1, 0, 0, 0, 1, -11.2558, 4.34449, 1.01634)
size = Vector3(0.2, 9, 37.2944)
material = ExtResource("5_vqyvj")

[node name="CSGBox3D11" type="CSGBox3D" parent="LevelGeometry/Hardware Store/Interior/Service Store/CSGBox3D5"]
transform = Transform3D(-0.999997, 0, -8.74225e-08, 0, 1, 0, 8.74225e-08, 0, -0.999997, -0.508187, -2.94437, -2.61075)
operation = 2
size = Vector3(2.627, 3, 2)
material = ExtResource("5_vqyvj")

[node name="CSGBox3D12" type="CSGBox3D" parent="LevelGeometry/Hardware Store/Interior/Service Store/CSGBox3D5"]
transform = Transform3D(-0.999997, 0, -8.74225e-08, 0, 1, 0, 8.74225e-08, 0, -0.999997, -0.508187, -2.94437, -15.4037)
operation = 2
size = Vector3(2.627, 3, 2)
material = ExtResource("5_vqyvj")

[node name="CSGBox3D6" type="CSGBox3D" parent="LevelGeometry/Hardware Store/Interior/Service Store"]
transform = Transform3D(-4.37114e-08, 0, 1, 0, 1, 0, -1, 0, -4.37114e-08, 4.00491, 4.34449, 19.7041)
size = Vector3(0.2, 9, 30.4688)
material = ExtResource("5_vqyvj")

[node name="CSGBox3D10" type="CSGBox3D" parent="LevelGeometry/Hardware Store/Interior/Service Store/CSGBox3D6"]
transform = Transform3D(0.999999, 0, -2.13163e-14, 0, 1, 0, 2.13163e-14, 0, 0.999999, -0.168188, -2.51425, 0.822086)
operation = 2
size = Vector3(2.627, 4, 5)

[node name="CSGBox3D7" type="CSGBox3D" parent="LevelGeometry/Hardware Store/Interior/Service Store"]
transform = Transform3D(-4.37114e-08, 0, 1, 0, 1, 0, -1, 0, -4.37114e-08, 4.00491, 4.34449, -17.5014)
size = Vector3(0.2, 9, 30.4688)
material = ExtResource("5_vqyvj")

[node name="CSGBox3D8" type="CSGBox3D" parent="LevelGeometry/Hardware Store/Interior/Service Store"]
transform = Transform3D(-4.37114e-08, -1, 0, 1, -4.37114e-08, 0, 0, 0, 1, 3.9949, 8.74492, 1.10799)
size = Vector3(0.2, 30.4683, 37.283)
material = ExtResource("3_oifnu")

[node name="GROUND" type="CSGBox3D" parent="LevelGeometry/Hardware Store/Interior/Service Store"]
transform = Transform3D(-4.37114e-08, -1, 0, 1, -4.37114e-08, 0, 0, 0, 1, 10.504, -0.827865, 5.862)
size = Vector3(1.5, 43.486, 46.792)
material = ExtResource("3_oifnu")

[node name="CSGBox3D31" type="CSGBox3D" parent="LevelGeometry/Hardware Store/Interior/Service Store"]
transform = Transform3D(-4.37114e-08, -1, 0, 1, -4.37114e-08, 0, 0, 0, 1, 14.4528, 0.672136, 8.34983)
size = Vector3(1.5, 9.42659, 22.6052)
material = ExtResource("3_oifnu")

[node name="CSGBox3D32" type="CSGBox3D" parent="LevelGeometry/Hardware Store/Interior/Service Store/CSGBox3D31"]
transform = Transform3D(0.929828, 3.06732e-09, 0.367995, 3.06732e-09, 1, -1.60856e-08, -0.367995, 1.60856e-08, 0.929828, 1.08458, -0.05721, -9.12951)
operation = 2
size = Vector3(1.8252, 3.5, 6.65162)
material = ExtResource("3_oifnu")

[node name="CSGBox3D33" type="CSGBox3D" parent="LevelGeometry/Hardware Store/Interior/Service Store/CSGBox3D31"]
transform = Transform3D(0.929828, -4.11018e-08, 0.367995, 0.367975, -0.0104718, -0.929777, 0.00385361, 0.999945, -0.00973696, 1.08458, 2.56923, 3.98827)
operation = 2
size = Vector3(1.8252, 3.5, 6.65162)
material = ExtResource("3_oifnu")

[node name="CSGBox3D10" type="CSGBox3D" parent="LevelGeometry/Hardware Store/Interior/Service Store"]
transform = Transform3D(0.355091, -0.934832, 0, 0.934832, 0.355091, 0, 0, 0, 1, 31.0553, -0.247372, -6.20549)
operation = 2
size = Vector3(1.5, 5.16119, 5)
material = ExtResource("3_oifnu")

[node name="CSGBox3D11" type="CSGBox3D" parent="LevelGeometry/Hardware Store/Interior/Service Store"]
transform = Transform3D(0.355091, -0.934832, 0, 0.934832, 0.355091, 0, 0, 0, 1, 31.0553, -0.247372, 19.339)
operation = 2
size = Vector3(1.5, 5.16119, 5)
material = ExtResource("3_oifnu")

[node name="CSGBox3D12" type="CSGBox3D" parent="LevelGeometry/Hardware Store/Interior/Service Store"]
transform = Transform3D(-1.55222e-08, 4.08625e-08, -1, 0.934826, 0.355107, 0, 0.355107, -0.934826, -4.37114e-08, 4.82539, -0.247372, 28.0799)
operation = 2
size = Vector3(1.5, 5.16119, 5)
material = ExtResource("3_oifnu")

[node name="CSGBox3D13" type="CSGBox3D" parent="LevelGeometry/Hardware Store/Interior/Service Store"]
transform = Transform3D(1.91069e-15, 4.37114e-08, -1, 1, -4.37114e-08, 0, -4.37114e-08, -1, -4.37114e-08, -4.35211, 0.559315, 28.9741)
size = Vector3(1.3, 0.1, 13.3376)
material = ExtResource("5_vqyvj")

[node name="CSGBox3D18" type="CSGBox3D" parent="LevelGeometry/Hardware Store/Interior/Service Store"]
transform = Transform3D(1.91069e-15, 4.37114e-08, -1, 1, -4.37114e-08, 0, -4.37114e-08, -1, -4.37114e-08, 19.7746, 0.559315, 28.9741)
size = Vector3(1.3, 0.1, 24.5495)
material = ExtResource("5_vqyvj")

[node name="CSGBox3D14" type="CSGBox3D" parent="LevelGeometry/Hardware Store/Interior/Service Store"]
transform = Transform3D(-4.37114e-08, -1, 0, 1, -4.37114e-08, 0, 0, 0, 1, -10.9609, 0.559315, 24.3859)
size = Vector3(1.3, 0.1, 9.2724)
material = ExtResource("5_vqyvj")

[node name="CSGBox3D15" type="CSGBox3D" parent="LevelGeometry/Hardware Store/Interior/Service Store"]
transform = Transform3D(-4.37114e-08, -1, 0, 1, -4.37114e-08, 0, 0, 0, 1, 32.03, 0.559315, 25.497)
size = Vector3(1.3, 0.1, 7.05026)
material = ExtResource("5_vqyvj")

[node name="CSGBox3D16" type="CSGBox3D" parent="LevelGeometry/Hardware Store/Interior/Service Store"]
transform = Transform3D(-4.37114e-08, -1, 0, 1, -4.37114e-08, 0, 0, 0, 1, 32.03, 0.559315, 6.61151)
size = Vector3(1.3, 0.1, 20.1747)
material = ExtResource("5_vqyvj")

[node name="CSGBox3D17" type="CSGBox3D" parent="LevelGeometry/Hardware Store/Interior/Service Store"]
transform = Transform3D(-4.37114e-08, -1, 0, 1, -4.37114e-08, 0, 0, 0, 1, 32.03, 0.559315, -12.9993)
size = Vector3(1.3, 0.1, 8.21206)
material = ExtResource("5_vqyvj")

[node name="CSGBox3D33" type="CSGBox3D" parent="LevelGeometry/Hardware Store/Interior/Service Store"]
transform = Transform3D(-4.37114e-08, -1, 0, 1, -4.37114e-08, 1.44813e-16, -1.44813e-16, 6.32996e-24, 1, 9.30774, 4.53355, -14.6312)
size = Vector3(0.5, 0.1, 5)
material = ExtResource("5_vqyvj")

[node name="CSGBox3D34" type="CSGBox3D" parent="LevelGeometry/Hardware Store/Interior/Service Store"]
transform = Transform3D(-4.37114e-08, -1, 0, 1, -4.37114e-08, 1.44813e-16, -1.44813e-16, 6.32996e-24, 1, 9.30774, 3.52885, -14.6312)
size = Vector3(0.5, 0.1, 5)
material = ExtResource("5_vqyvj")

[node name="CSGBox3D35" type="CSGBox3D" parent="LevelGeometry/Hardware Store/Interior/Service Store"]
transform = Transform3D(-4.37114e-08, -1, 0, 1, -4.37114e-08, 1.44813e-16, -1.44813e-16, 6.32996e-24, 1, 9.30774, 2.55296, -14.6312)
size = Vector3(0.5, 0.1, 5)
material = ExtResource("5_vqyvj")

[node name="CSGBox3D38" type="CSGBox3D" parent="LevelGeometry/Hardware Store/Interior/Service Store"]
transform = Transform3D(-4.37114e-08, -1, 0, 1, -4.37114e-08, 1.44813e-16, -1.44813e-16, 6.32996e-24, 1, 9.30774, 1.52269, -14.6312)
size = Vector3(0.5, 0.1, 5)
material = ExtResource("5_vqyvj")

[node name="CSGBox3D39" type="CSGBox3D" parent="LevelGeometry/Hardware Store/Interior/Service Store"]
transform = Transform3D(-4.37114e-08, -1, 0, 1, -4.37114e-08, 1.44813e-16, -1.44813e-16, 6.32996e-24, 1, 9.30774, 0.546794, -14.6312)
size = Vector3(0.5, 0.1, 5)
material = ExtResource("5_vqyvj")

[node name="CSGBox3D37" type="CSGBox3D" parent="LevelGeometry/Hardware Store/Interior/Service Store"]
transform = Transform3D(-4.37114e-08, -1, 0, 1, -4.37114e-08, 1.44813e-16, -1.44813e-16, 6.32996e-24, 1, 9.30774, 4.53355, -8.85326)
size = Vector3(0.5, 0.1, 5)
material = ExtResource("5_vqyvj")

[node name="CSGBox3D40" type="CSGBox3D" parent="LevelGeometry/Hardware Store/Interior/Service Store"]
transform = Transform3D(-4.37114e-08, -1, 0, 1, -4.37114e-08, 1.44813e-16, -1.44813e-16, 6.32996e-24, 1, 9.30774, 3.52885, -8.85326)
size = Vector3(0.5, 0.1, 5)
material = ExtResource("5_vqyvj")

[node name="CSGBox3D41" type="CSGBox3D" parent="LevelGeometry/Hardware Store/Interior/Service Store"]
transform = Transform3D(-4.37114e-08, -1, -3.7321e-15, 0.957198, -4.18405e-08, 0.289433, -0.289433, 1.26515e-08, 0.957199, 9.30774, 2.14498, -8.99156)
size = Vector3(0.5, 0.1, 5.20093)
material = ExtResource("5_vqyvj")

[node name="CSGBox3D44" type="CSGBox3D" parent="LevelGeometry/Hardware Store/Interior/Service Store"]
transform = Transform3D(-4.37114e-08, -1, 0, 1, -4.37114e-08, 1.44813e-16, -1.44813e-16, 6.32996e-24, 1, 9.30774, 4.53355, -3.2057)
size = Vector3(0.5, 0.1, 5)
material = ExtResource("5_vqyvj")

[node name="CSGBox3D45" type="CSGBox3D" parent="LevelGeometry/Hardware Store/Interior/Service Store"]
transform = Transform3D(-4.37114e-08, -1, 0, 1, -4.37114e-08, 1.44813e-16, -1.44813e-16, 6.32996e-24, 1, 9.30774, 3.52885, -3.2057)
size = Vector3(0.5, 0.1, 5)
material = ExtResource("5_vqyvj")

[node name="CSGBox3D46" type="CSGBox3D" parent="LevelGeometry/Hardware Store/Interior/Service Store"]
transform = Transform3D(-4.37114e-08, -1, 0, 1, -4.37114e-08, 1.44813e-16, -1.44813e-16, 6.32996e-24, 1, 9.30774, 2.55296, -3.2057)
size = Vector3(0.5, 0.1, 5)
material = ExtResource("5_vqyvj")

[node name="CSGBox3D47" type="CSGBox3D" parent="LevelGeometry/Hardware Store/Interior/Service Store"]
transform = Transform3D(-4.37114e-08, -1, 0, 1, -4.37114e-08, 1.44813e-16, -1.44813e-16, 6.32996e-24, 1, 9.30774, 1.52269, -3.2057)
size = Vector3(0.5, 0.1, 5)
material = ExtResource("5_vqyvj")

[node name="CSGBox3D48" type="CSGBox3D" parent="LevelGeometry/Hardware Store/Interior/Service Store"]
transform = Transform3D(-4.37114e-08, -1, 0, 1, -4.37114e-08, 1.44813e-16, -1.44813e-16, 6.32996e-24, 1, 9.30774, 0.546794, -3.2057)
size = Vector3(0.5, 0.1, 5)
material = ExtResource("5_vqyvj")

[node name="CSGBox3D49" type="CSGBox3D" parent="LevelGeometry/Hardware Store/Interior/Service Store"]
transform = Transform3D(-4.37114e-08, -1, 0, 1, -4.37114e-08, 1.44813e-16, -1.44813e-16, 6.32996e-24, 1, 9.30774, 4.53355, 2.27072)
size = Vector3(0.5, 0.1, 5)
material = ExtResource("5_vqyvj")

[node name="CSGBox3D50" type="CSGBox3D" parent="LevelGeometry/Hardware Store/Interior/Service Store"]
transform = Transform3D(-4.37114e-08, -1, 0, 1, -4.37114e-08, 1.44813e-16, -1.44813e-16, 6.32996e-24, 1, 9.30774, 3.52885, 2.27072)
size = Vector3(0.5, 0.1, 5)
material = ExtResource("5_vqyvj")

[node name="CSGBox3D51" type="CSGBox3D" parent="LevelGeometry/Hardware Store/Interior/Service Store"]
transform = Transform3D(-4.37114e-08, -1, 0, 1, -4.37114e-08, 1.44813e-16, -1.44813e-16, 6.32996e-24, 1, 9.30774, 2.55296, 2.27072)
size = Vector3(0.5, 0.1, 5)
material = ExtResource("5_vqyvj")

[node name="CSGBox3D52" type="CSGBox3D" parent="LevelGeometry/Hardware Store/Interior/Service Store"]
transform = Transform3D(-4.37114e-08, -1, 0, 1, -4.37114e-08, 1.44813e-16, -1.44813e-16, 6.32996e-24, 1, 9.30774, 1.52269, 2.27072)
size = Vector3(0.5, 0.1, 5)
material = ExtResource("5_vqyvj")

[node name="CSGBox3D53" type="CSGBox3D" parent="LevelGeometry/Hardware Store/Interior/Service Store"]
transform = Transform3D(-4.37114e-08, -1, 0, 1, -4.37114e-08, 1.44813e-16, -1.44813e-16, 6.32996e-24, 1, 9.30774, 0.546794, 2.27072)
size = Vector3(0.5, 0.1, 5)
material = ExtResource("5_vqyvj")

[node name="CSGBox3D54" type="CSGBox3D" parent="LevelGeometry/Hardware Store/Interior/Service Store"]
transform = Transform3D(-4.37114e-08, -1, 0, 1, -4.37114e-08, 1.44813e-16, -1.44813e-16, 6.32996e-24, 1, 9.30774, 4.53355, 7.48396)
size = Vector3(0.5, 0.1, 5)
material = ExtResource("5_vqyvj")

[node name="CSGBox3D55" type="CSGBox3D" parent="LevelGeometry/Hardware Store/Interior/Service Store"]
transform = Transform3D(-4.37114e-08, -1, 0, 1, -4.37114e-08, 1.44813e-16, -1.44813e-16, 6.32996e-24, 1, 9.30774, 3.52885, 7.48396)
size = Vector3(0.5, 0.1, 5)
material = ExtResource("5_vqyvj")

[node name="CSGBox3D56" type="CSGBox3D" parent="LevelGeometry/Hardware Store/Interior/Service Store"]
transform = Transform3D(-4.37114e-08, -1, 0, 1, -4.37114e-08, 1.44813e-16, -1.44813e-16, 6.32996e-24, 1, 9.30774, 2.55296, 7.48396)
size = Vector3(0.5, 0.1, 5)
material = ExtResource("5_vqyvj")

[node name="CSGBox3D57" type="CSGBox3D" parent="LevelGeometry/Hardware Store/Interior/Service Store"]
transform = Transform3D(-4.37114e-08, -1, 0, 1, -4.37114e-08, 1.44813e-16, -1.44813e-16, 6.32996e-24, 1, 9.30774, 1.52269, 7.48396)
size = Vector3(0.5, 0.1, 5)
material = ExtResource("5_vqyvj")

[node name="CSGBox3D58" type="CSGBox3D" parent="LevelGeometry/Hardware Store/Interior/Service Store"]
transform = Transform3D(-4.37114e-08, -1, 0, 1, -4.37114e-08, 1.44813e-16, -1.44813e-16, 6.32996e-24, 1, 9.30774, 0.546794, 7.48396)
size = Vector3(0.5, 0.1, 5)
