[gd_scene load_steps=27 format=3 uid="uid://ct852dkl6ku6s"]

[ext_resource type="Script" path="res://Scripts/Gamemode/scene_manager.gd" id="1_410i3"]
[ext_resource type="Script" path="res://Scripts/Gamemode/wave_manager.gd" id="2_8ryog"]
[ext_resource type="Material" uid="uid://cgfl87jihapb" path="res://Assets/Materials/Standard Materials/prototype_dark_green.tres" id="3_bup4s"]
[ext_resource type="PackedScene" uid="uid://0xifsmm55f7c" path="res://Scenes/Props/bus.tscn" id="3_eubg1"]
[ext_resource type="Material" uid="uid://bbyh52cc6ljvg" path="res://Assets/Materials/Standard Materials/prototype_grey.tres" id="3_oifnu"]
[ext_resource type="Material" uid="uid://clau1arwwv1yw" path="res://Assets/Materials/Standard Materials/prototype_orange.tres" id="5_vqyvj"]
[ext_resource type="PackedScene" uid="uid://b4ndbkbrfg2mn" path="res://Scenes/Props/car.tscn" id="6_w5yxe"]
[ext_resource type="PackedScene" uid="uid://dncjx2l3x75yd" path="res://Scenes/Props/lamp.tscn" id="7_4q5b8"]
[ext_resource type="PackedScene" uid="uid://cskbtk0y2fmsx" path="res://Scenes/Props/roadblock.tscn" id="8_1lgxw"]
[ext_resource type="PackedScene" uid="uid://eck8i1mdaecj" path="res://Scenes/Props/truck.tscn" id="9_x8j2o"]
[ext_resource type="PackedScene" uid="uid://b6evxern6ufl0" path="res://Scenes/Props/bin.tscn" id="10_a6t26"]
[ext_resource type="PackedScene" uid="uid://ckmsx5oqo4ck2" path="res://Scenes/Props/generator.tscn" id="11_tg32h"]
[ext_resource type="PackedScene" uid="uid://i4cylwwnvcmc" path="res://Scenes/Props/dumpster.tscn" id="12_peqic"]
[ext_resource type="PackedScene" uid="uid://d181i1bkg820c" path="res://Scenes/Props/mesh_fence.tscn" id="13_6b220"]
[ext_resource type="PackedScene" uid="uid://b37bttipab74m" path="res://Scenes/Props/ShadedTable.tscn" id="14_k8wuy"]
[ext_resource type="PackedScene" uid="uid://cak37u66ch6jc" path="res://Scenes/Props/scaffold.tscn" id="15_fesdp"]
[ext_resource type="PackedScene" uid="uid://c5sp3gawl7yr1" path="res://Scenes/Props/minecart.tscn" id="16_ja85j"]
[ext_resource type="PackedScene" uid="uid://wcecuqttvma3" path="res://Scenes/Props/tree.tscn" id="17_qo07s"]
[ext_resource type="PackedScene" uid="uid://1qj1fke6dlfe" path="res://Scenes/Props/shelf.tscn" id="19_anm06"]
[ext_resource type="PackedScene" uid="uid://ctk00vycdvq8i" path="res://Scenes/Props/train_car.tscn" id="21_t7ev6"]
[ext_resource type="PackedScene" uid="uid://cddb0g1c7c0wk" path="res://Scenes/Props/Buildings/town_store.tscn" id="22_p5a45"]
[ext_resource type="PackedScene" uid="uid://en6gwxhxuwbq" path="res://Scenes/Props/Buildings/town_store_side_addon.tscn" id="23_ge8js"]

[sub_resource type="ProceduralSkyMaterial" id="ProceduralSkyMaterial_b7t75"]
sky_horizon_color = Color(0.64625, 0.65575, 0.67075, 1)
ground_horizon_color = Color(0.64625, 0.65575, 0.67075, 1)

[sub_resource type="Sky" id="Sky_uxvi4"]
sky_material = SubResource("ProceduralSkyMaterial_b7t75")

[sub_resource type="Environment" id="Environment_sb4fc"]
background_mode = 2
sky = SubResource("Sky_uxvi4")
tonemap_mode = 2
glow_enabled = true

[sub_resource type="NavigationMesh" id="NavigationMesh_5ml5q"]
agent_height = 2.0

[node name="Level" type="Node3D" node_paths=PackedStringArray("spawn_points", "zone_respawn_points", "wave_manager") groups=["level"]]
script = ExtResource("1_410i3")
spawn_points = [NodePath("PlayerSpawnPoints/Spawn1"), NodePath("PlayerSpawnPoints/Spawn2"), NodePath("PlayerSpawnPoints/Spawn3"), NodePath("PlayerSpawnPoints/Spawn4")]
zone_respawn_points = [NodePath("ZoneRespawnPoints/Zone1Respawn")]
wave_manager = NodePath("GamemodeManager")

[node name="MultiplayerSpawner" type="MultiplayerSpawner" parent="."]
_spawnable_scenes = PackedStringArray("res://Scenes/Multiplayer/multiplayer_player.tscn")
spawn_path = NodePath("..")
spawn_limit = 4

[node name="GamemodeManager" type="Node" parent="." node_paths=PackedStringArray("enemies_node", "enemy_spawn_points") groups=["wave_manager"]]
script = ExtResource("2_8ryog")
enemies_node = NodePath("../Enemies")
enemy_spawn_points = [NodePath("../EnemySpawns/OLD/SpawnPoint"), NodePath("../EnemySpawns/OLD/SpawnPoint2"), NodePath("../EnemySpawns/OLD/SpawnPoint3"), NodePath("../EnemySpawns/OLD/SpawnPoint4"), NodePath("../EnemySpawns/OLD/SpawnPoint5"), NodePath("../EnemySpawns/OLD/SpawnPoint6"), NodePath("../EnemySpawns/OLD/SpawnPoint7"), NodePath("../EnemySpawns/OLD/SpawnPoint8"), NodePath("../EnemySpawns/OLD/SpawnPoint9"), NodePath("../EnemySpawns/OLD/SpawnPoint10")]

[node name="DirectionalLight3D" type="DirectionalLight3D" parent="."]
transform = Transform3D(-0.866023, -0.433016, 0.250001, 0, 0.499998, 0.866027, -0.500003, 0.749999, -0.43301, 0, 0, 0)
shadow_enabled = true

[node name="WorldEnvironment" type="WorldEnvironment" parent="."]
environment = SubResource("Environment_sb4fc")

[node name="ZoneRespawnPoints" type="Node" parent="."]

[node name="Zone1Respawn" type="Node3D" parent="ZoneRespawnPoints"]
transform = Transform3D(1, 0, 0, 0, 1, 0, 0, 0, 1, 37, 1, -13.5)

[node name="PlayerSpawnPoints" type="Node" parent="."]

[node name="Spawn1" type="Node3D" parent="PlayerSpawnPoints"]
transform = Transform3D(1, 0, 0, 0, 1, 0, 0, 0, 1, 34.5051, 2.39978, -13.3362)

[node name="Spawn2" type="Node3D" parent="PlayerSpawnPoints"]
transform = Transform3D(1, 0, 0, 0, 1, 0, 0, 0, 1, 37.4495, 2.4403, -11.6121)

[node name="Spawn3" type="Node3D" parent="PlayerSpawnPoints"]
transform = Transform3D(1, 0, 0, 0, 1, 0, 0, 0, 1, 39.7677, 2.28012, -13.0833)

[node name="Spawn4" type="Node3D" parent="PlayerSpawnPoints"]
transform = Transform3D(1, 0, 0, 0, 1, 0, 0, 0, 1, 38.2393, 2.21044, -14.4899)

[node name="NavigationRegion3D" type="NavigationRegion3D" parent="."]
navigation_mesh = SubResource("NavigationMesh_5ml5q")

[node name="LevelGeometry" type="Node" parent="NavigationRegion3D"]

[node name="Zone1" type="Node" parent="NavigationRegion3D/LevelGeometry"]

[node name="HouseOnHill" type="Node" parent="NavigationRegion3D/LevelGeometry/Zone1"]

[node name="Building" type="CSGBox3D" parent="NavigationRegion3D/LevelGeometry/Zone1/HouseOnHill"]
transform = Transform3D(1, 0, 0, 0, 1, 0, 0, 0, 1, -28.9854, 10.7762, -5.55327)
use_collision = true
size = Vector3(25, 5, 0.5)
material = ExtResource("5_vqyvj")

[node name="Wall2" type="CSGBox3D" parent="NavigationRegion3D/LevelGeometry/Zone1/HouseOnHill/Building"]
transform = Transform3D(1, 0, 0, 0, 1, 0, 0, 0, 1, -12.25, 0, 7)
size = Vector3(0.5, 5, 13.5)
material = ExtResource("5_vqyvj")

[node name="Wall3" type="CSGBox3D" parent="NavigationRegion3D/LevelGeometry/Zone1/HouseOnHill/Building"]
transform = Transform3D(1, 0, 0, 0, 1, 0, 0, 0, 1, 0, 0, 14)
use_collision = true
size = Vector3(25, 5, 0.5)
material = ExtResource("5_vqyvj")

[node name="Wall4" type="CSGBox3D" parent="NavigationRegion3D/LevelGeometry/Zone1/HouseOnHill/Building"]
transform = Transform3D(1, 0, 0, 0, 1, 0, 0, 0, 1, 12.25, 0, 7)
size = Vector3(0.5, 5, 13.5)
material = ExtResource("5_vqyvj")

[node name="Wall5" type="CSGBox3D" parent="NavigationRegion3D/LevelGeometry/Zone1/HouseOnHill/Building"]
transform = Transform3D(1, 0, 0, 0, 1, 0, 0, 0, 1, -6.25, 0, 7)
size = Vector3(0.5, 5, 13.5)
material = ExtResource("5_vqyvj")

[node name="Door" type="CSGBox3D" parent="NavigationRegion3D/LevelGeometry/Zone1/HouseOnHill/Building"]
transform = Transform3D(1, 0, 0, 0, 1, 0, 0, 0, 1, 0, -1, 14)
operation = 2
size = Vector3(2, 3, 1)
material = ExtResource("5_vqyvj")

[node name="Door2" type="CSGBox3D" parent="NavigationRegion3D/LevelGeometry/Zone1/HouseOnHill/Building"]
transform = Transform3D(1, 0, 0, 0, 1, 0, 0, 0, 1, 7, -1, 0)
operation = 2
size = Vector3(2, 3, 1)
material = ExtResource("5_vqyvj")

[node name="Door3" type="CSGBox3D" parent="NavigationRegion3D/LevelGeometry/Zone1/HouseOnHill/Building"]
transform = Transform3D(-4.37114e-08, 0, 1, 0, 1, 0, -1, 0, -4.37114e-08, -6.25, -1, 10.25)
operation = 2
size = Vector3(2, 3, 1)
material = ExtResource("5_vqyvj")

[node name="Window" type="CSGBox3D" parent="NavigationRegion3D/LevelGeometry/Zone1/HouseOnHill/Building"]
transform = Transform3D(-4.37114e-08, 0, 1, 0, 1, 0, -1, 0, -4.37114e-08, -12.25, -0.625, 3.75)
operation = 2
size = Vector3(3, 2.25, 1)
material = ExtResource("5_vqyvj")

[node name="Window2" type="CSGBox3D" parent="NavigationRegion3D/LevelGeometry/Zone1/HouseOnHill/Building"]
transform = Transform3D(-4.37114e-08, 0, 1, 0, 1, 0, -1, 0, -4.37114e-08, 12.2531, -0.625, 7.00374)
operation = 2
size = Vector3(4.5, 2.25, 1)
material = ExtResource("5_vqyvj")

[node name="Window3" type="CSGBox3D" parent="NavigationRegion3D/LevelGeometry/Zone1/HouseOnHill/Building"]
transform = Transform3D(-1, 0, -8.74228e-08, 0, 1, 0, 8.74228e-08, 0, -1, 2.5, -0.625, 0)
operation = 2
size = Vector3(3, 2.25, 1)
material = ExtResource("5_vqyvj")

[node name="Roof" type="CSGBox3D" parent="NavigationRegion3D/LevelGeometry/Zone1/HouseOnHill/Building"]
transform = Transform3D(1, 0, 0, 0, 1, 0, 0, 0, 1, 0, 4.5, 7)
size = Vector3(25, 4, 14.5)
material = ExtResource("5_vqyvj")

[node name="CSGBox3D" type="CSGBox3D" parent="NavigationRegion3D/LevelGeometry/Zone1/HouseOnHill/Building/Roof"]
transform = Transform3D(0.882948, -0.469472, 0, 0.469472, 0.882948, 0, 0, 0, 1, -10.79, 1.173, 0)
operation = 2
size = Vector3(11, 4, 14.5)
material = ExtResource("3_oifnu")

[node name="CSGBox3D2" type="CSGBox3D" parent="NavigationRegion3D/LevelGeometry/Zone1/HouseOnHill/Building/Roof"]
transform = Transform3D(-0.882948, 0.469472, 1.50996e-07, 0.469472, 0.882948, 0, -1.33321e-07, 7.08882e-08, -1, 10.8004, 1.17269, 0)
operation = 2
size = Vector3(11, 4, 14.5)
material = ExtResource("3_oifnu")

[node name="CSGBox3D3" type="CSGBox3D" parent="NavigationRegion3D/LevelGeometry/Zone1/HouseOnHill/Building/Roof"]
transform = Transform3D(6.66607e-08, -3.54441e-08, 1, 0.469472, 0.882948, -3.55271e-15, -0.882948, 0.469472, 7.54979e-08, 0, 1.17265, 5.54358)
operation = 2
size = Vector3(11, 4, 25)
material = ExtResource("3_oifnu")

[node name="CSGBox3D4" type="CSGBox3D" parent="NavigationRegion3D/LevelGeometry/Zone1/HouseOnHill/Building/Roof"]
transform = Transform3D(-3.85949e-08, 2.05213e-08, -1, 0.469472, 0.882948, -3.55271e-15, 0.882948, -0.469472, -4.37114e-08, 0, 1.17265, -5.54198)
operation = 2
size = Vector3(11, 4, 25)
material = ExtResource("3_oifnu")

[node name="Crate" type="CSGBox3D" parent="NavigationRegion3D/LevelGeometry/Zone1/HouseOnHill"]
transform = Transform3D(0.987364, 0, -0.158468, 0, 1, 0, 0.158468, 0, 0.987364, -35.7233, 9.12728, -6.70927)
use_collision = true
size = Vector3(1.5, 1.5, 1.5)
material = ExtResource("5_vqyvj")

[node name="Crate2" type="CSGBox3D" parent="NavigationRegion3D/LevelGeometry/Zone1/HouseOnHill"]
transform = Transform3D(0.995642, 0, 0.0932569, 0, 1, 0, -0.0932569, 0, 0.995642, -33.7388, 9.37728, -6.90607)
use_collision = true
size = Vector3(2, 2, 2)
material = ExtResource("5_vqyvj")

[node name="Crate4" type="CSGBox3D" parent="NavigationRegion3D/LevelGeometry/Zone1/HouseOnHill"]
transform = Transform3D(0.995642, 0, 0.0932569, 0, 1, 0, -0.0932569, 0, 0.995642, -42.7156, 9.29638, 3.66772)
use_collision = true
size = Vector3(2.2, 2, 2)
material = ExtResource("5_vqyvj")

[node name="Crate5" type="CSGBox3D" parent="NavigationRegion3D/LevelGeometry/Zone1/HouseOnHill"]
transform = Transform3D(0.99997, 0, 0.00767943, 0, 1, 0, -0.00767943, 0, 0.99997, -42.7132, 9.47558, 6.53523)
use_collision = true
size = Vector3(2.2, 2.4, 2.6)
material = ExtResource("5_vqyvj")

[node name="Crate3" type="CSGBox3D" parent="NavigationRegion3D/LevelGeometry/Zone1/HouseOnHill"]
transform = Transform3D(0.966864, 0, -0.255294, 0, 1, 0, 0.255294, 0, 0.966864, -33.9548, 10.8773, -6.43217)
use_collision = true
material = ExtResource("5_vqyvj")

[node name="Crate6" type="CSGBox3D" parent="NavigationRegion3D/LevelGeometry/Zone1/HouseOnHill"]
transform = Transform3D(0.899245, 0, -0.437445, 0, 1, 0, 0.437445, 0, 0.899245, -33.3074, 2.17214, -14.4955)
use_collision = true
size = Vector3(1.5, 1.5, 1.5)
material = ExtResource("5_vqyvj")

[node name="Crate9" type="CSGBox3D" parent="NavigationRegion3D/LevelGeometry/Zone1/HouseOnHill"]
transform = Transform3D(0.997861, 0, 0.0653685, 0, 1, 0, -0.0653685, 0, 0.997861, -44.1465, 2.17214, -11.8908)
use_collision = true
size = Vector3(1.5, 1.5, 1.5)
material = ExtResource("5_vqyvj")

[node name="Crate10" type="CSGBox3D" parent="NavigationRegion3D/LevelGeometry/Zone1/HouseOnHill"]
transform = Transform3D(0.999965, 0, -0.00837728, 0, 1, 0, 0.00837728, 0, 0.999965, -41.5198, 2.63903, -11.9795)
use_collision = true
size = Vector3(3.5, 2.5, 2.5)
material = ExtResource("5_vqyvj")

[node name="Crate11" type="CSGBox3D" parent="NavigationRegion3D/LevelGeometry/Zone1/HouseOnHill"]
transform = Transform3D(0.97633, 0, -0.216286, 0, 1, 0, 0.216286, 0, 0.97633, -20.0962, 3.14764, -16.7926)
use_collision = true
size = Vector3(1.4, 3.5, 1.4)
material = ExtResource("5_vqyvj")

[node name="Crate7" type="CSGBox3D" parent="NavigationRegion3D/LevelGeometry/Zone1/HouseOnHill"]
transform = Transform3D(0.980022, 0, -0.198889, 0, 1, 0, 0.198889, 0, 0.980022, -31.3509, 2.42214, -14.1096)
use_collision = true
size = Vector3(2, 2, 2)
material = ExtResource("5_vqyvj")

[node name="Crate8" type="CSGBox3D" parent="NavigationRegion3D/LevelGeometry/Zone1/HouseOnHill"]
transform = Transform3D(0.851599, 0, -0.524194, 0, 1, 0, 0.524194, 0, 0.851599, -31.6948, 3.92214, -13.7185)
use_collision = true
material = ExtResource("5_vqyvj")

[node name="RoomLight6" type="CSGBox3D" parent="NavigationRegion3D/LevelGeometry/Zone1/HouseOnHill"]
transform = Transform3D(0.0322132, 0, 0.999481, -0.99931, -0.0185169, 0.0322076, 0.0185073, -0.999828, -0.000596489, -38.1941, 11.9688, 5.71763)
cast_shadow = 0
size = Vector3(0.1, 0.3, 0.3)
material = ExtResource("5_vqyvj")

[node name="SpotLight3D" type="SpotLight3D" parent="NavigationRegion3D/LevelGeometry/Zone1/HouseOnHill/RoomLight6"]
transform = Transform3D(0.00523596, 4.34825e-08, -0.999986, 0.999986, -4.37108e-08, 0.00523596, -4.34825e-08, -1, -4.37108e-08, -0.0364494, 0.000724792, -0.0125055)
light_energy = 16.0
light_size = 3.0
light_specular = 0.01
light_bake_mode = 1
spot_range = 9.22542
spot_angle = 42.1506

[node name="OmniLight3D" type="OmniLight3D" parent="NavigationRegion3D/LevelGeometry/Zone1/HouseOnHill/RoomLight6"]
transform = Transform3D(1, 3.72529e-09, -1.25583e-08, 0, 1, 0, -1.38334e-09, 0, 1, 0.184261, 0.00341415, -0.00593948)
light_energy = 2.0
light_indirect_energy = 2.0
light_size = 1.0
light_specular = 1.0
shadow_enabled = true
shadow_bias = 5.0

[node name="RoomLight7" type="CSGBox3D" parent="NavigationRegion3D/LevelGeometry/Zone1/HouseOnHill"]
transform = Transform3D(0.0322132, 0, 0.999481, -0.99931, -0.0185169, 0.0322076, 0.0185073, -0.999828, -0.000596489, -26.1431, 11.9688, 1.44333)
cast_shadow = 0
size = Vector3(0.1, 0.3, 0.3)
material = ExtResource("5_vqyvj")

[node name="SpotLight3D" type="SpotLight3D" parent="NavigationRegion3D/LevelGeometry/Zone1/HouseOnHill/RoomLight7"]
transform = Transform3D(0.00523596, 4.34825e-08, -0.999986, 0.999986, -4.37108e-08, 0.00523596, -4.34825e-08, -1, -4.37108e-08, -0.0364494, 0.000724792, -0.0125055)
light_energy = 16.0
light_size = 3.0
light_specular = 0.01
light_bake_mode = 1
spot_range = 10.469
spot_angle = 55.5687

[node name="OmniLight3D" type="OmniLight3D" parent="NavigationRegion3D/LevelGeometry/Zone1/HouseOnHill/RoomLight7"]
transform = Transform3D(1, 3.72529e-09, -1.25583e-08, 0, 1, 0, -1.38334e-09, 0, 1, 0.184261, 0.00341415, -0.00593948)
light_energy = 2.0
light_indirect_energy = 2.0
light_size = 1.0
light_specular = 1.0
shadow_enabled = true
shadow_bias = 5.0
omni_range = 11.9552

[node name="RoomLight5" type="CSGBox3D" parent="NavigationRegion3D/LevelGeometry/Zone1/HouseOnHill"]
transform = Transform3D(0.0322132, 0, 0.999481, -0.99931, -0.0185169, 0.0322076, 0.0185073, -0.999828, -0.000596489, -38.1941, 11.9688, -2.62707)
cast_shadow = 0
size = Vector3(0.1, 0.3, 0.3)
material = ExtResource("5_vqyvj")

[node name="SpotLight3D" type="SpotLight3D" parent="NavigationRegion3D/LevelGeometry/Zone1/HouseOnHill/RoomLight5"]
transform = Transform3D(0.00523596, 4.34825e-08, -0.999986, 0.999986, -4.37108e-08, 0.00523596, -4.34825e-08, -1, -4.37108e-08, -0.0364494, 0.000724792, -0.0125055)
light_energy = 16.0
light_size = 3.0
light_specular = 0.01
light_bake_mode = 1
spot_range = 9.22542
spot_angle = 42.1506

[node name="OmniLight3D" type="OmniLight3D" parent="NavigationRegion3D/LevelGeometry/Zone1/HouseOnHill/RoomLight5"]
transform = Transform3D(1, 3.72529e-09, -1.25583e-08, 0, 1, 0, -1.38334e-09, 0, 1, 0.184261, 0.00341415, -0.00593948)
light_energy = 2.0
light_indirect_energy = 2.0
light_size = 1.0
light_specular = 1.0
shadow_enabled = true
shadow_bias = 5.0

[node name="BottomRoad" type="Node" parent="NavigationRegion3D/LevelGeometry/Zone1"]

[node name="Road1" type="CSGBox3D" parent="NavigationRegion3D/LevelGeometry/Zone1/BottomRoad"]
transform = Transform3D(1, 0, 0, 0, 1, 0, 0, 0, 1, 36.5406, -3.99334, 14.7021)
size = Vector3(7, 8, 52.1981)
material = ExtResource("5_vqyvj")

[node name="Road3" type="CSGBox3D" parent="NavigationRegion3D/LevelGeometry/Zone1/BottomRoad"]
transform = Transform3D(1, 0, 0, 0, 1, 0, 0, 0, 1, 29.6151, -3.99334, 44.5942)
size = Vector3(7, 8, 10.7407)
material = ExtResource("5_vqyvj")

[node name="Road2" type="CSGBox3D" parent="NavigationRegion3D/LevelGeometry/Zone1/BottomRoad"]
transform = Transform3D(-4.37114e-08, 0, 1, 0, 1, 0, -1, 0, -4.37114e-08, -6.66914, -3.96425, 37.3161)
size = Vector3(7, 8, 84.9741)
material = ExtResource("5_vqyvj")

[node name="RoadObstacles" type="Node" parent="NavigationRegion3D/LevelGeometry/Zone1/BottomRoad"]

[node name="CSGBox3D42" type="CSGBox3D" parent="NavigationRegion3D/LevelGeometry/Zone1/BottomRoad/RoadObstacles"]
transform = Transform3D(0.80314, 0, -0.59579, 0, 1, 0, 0.59579, 0, 0.80314, -32.3863, 1.98229, 23.7807)
use_collision = true
size = Vector3(4, 4, 4)
material = ExtResource("5_vqyvj")

[node name="CSGBox3D44" type="CSGBox3D" parent="NavigationRegion3D/LevelGeometry/Zone1/BottomRoad/RoadObstacles"]
transform = Transform3D(0.667026, 0, 0.745034, 0, 1, 0, -0.745034, 0, 0.667026, -28.9507, 1.43248, 44.9252)
use_collision = true
size = Vector3(3, 3, 3)
material = ExtResource("5_vqyvj")

[node name="CSGBox3D45" type="CSGBox3D" parent="NavigationRegion3D/LevelGeometry/Zone1/BottomRoad/RoadObstacles"]
transform = Transform3D(0.987466, 0, -0.157831, 0, 1, 0, 0.157831, 0, 0.987466, -25.9866, 1.89983, 42.7122)
use_collision = true
size = Vector3(3, 4, 3)
material = ExtResource("5_vqyvj")

[node name="CSGBox3D68" type="CSGBox3D" parent="NavigationRegion3D/LevelGeometry/Zone1/BottomRoad/RoadObstacles"]
transform = Transform3D(0.987466, 0, -0.157831, 0, 1, 0, 0.157831, 0, 0.987466, -25.9866, 3.0005, 45.1809)
use_collision = true
size = Vector3(1.5, 6, 1.5)
material = ExtResource("5_vqyvj")

[node name="CSGBox3D48" type="CSGBox3D" parent="NavigationRegion3D/LevelGeometry/Zone1/BottomRoad/RoadObstacles"]
transform = Transform3D(0.888129, 0, -0.459595, 0, 1, 0, 0.459595, 0, 0.888129, -25.9866, 1.43248, 38.9985)
use_collision = true
size = Vector3(3, 3, 3)
material = ExtResource("5_vqyvj")

[node name="CSGBox3D47" type="CSGBox3D" parent="NavigationRegion3D/LevelGeometry/Zone1/BottomRoad/RoadObstacles"]
transform = Transform3D(0.593278, 0, -0.804997, 0, 1, 0, 0.804997, 0, 0.593278, -23.5735, 0.948442, 40.6826)
use_collision = true
size = Vector3(2, 2, 2)
material = ExtResource("5_vqyvj")

[node name="CSGBox3D43" type="CSGBox3D" parent="NavigationRegion3D/LevelGeometry/Zone1/BottomRoad/RoadObstacles"]
transform = Transform3D(0.816128, 0, -0.577872, 0, 1, 0, 0.577872, 0, 0.816128, -35.2811, 1.97679, 26.7246)
use_collision = true
size = Vector3(4, 4, 4)
material = ExtResource("5_vqyvj")

[node name="bus" parent="NavigationRegion3D/LevelGeometry/Zone1/BottomRoad/RoadObstacles" instance=ExtResource("3_eubg1")]
transform = Transform3D(0.973531, 0, 0.228554, 0, 1, 0, -0.228554, 0, 0.973531, 19.2827, 0.0382779, 38.8429)

[node name="Car" parent="NavigationRegion3D/LevelGeometry/Zone1/BottomRoad/RoadObstacles" instance=ExtResource("6_w5yxe")]
transform = Transform3D(-0.839013, 0, -0.544112, 0, 1, 0, 0.544112, 0, -0.839013, 37.8058, 0.247466, 16.39)

[node name="Car5" parent="NavigationRegion3D/LevelGeometry/Zone1/BottomRoad/RoadObstacles" instance=ExtResource("6_w5yxe")]
transform = Transform3D(-0.528542, 0, 0.848908, 0, 1, 0, -0.848908, 0, -0.528542, -13.486, 0.247466, 38.0687)

[node name="Car6" parent="NavigationRegion3D/LevelGeometry/Zone1/BottomRoad/RoadObstacles" instance=ExtResource("6_w5yxe")]
transform = Transform3D(-0.212076, 0, -0.977254, 0, 1, 0, 0.977254, 0, -0.212076, -16.6062, 0.247466, 35.8388)

[node name="Car3" parent="NavigationRegion3D/LevelGeometry/Zone1/BottomRoad/RoadObstacles" instance=ExtResource("6_w5yxe")]
transform = Transform3D(-0.984325, 0, -0.176363, 0, 1, 0, 0.176363, 0, -0.984325, 22.4494, 0.247466, 37.673)

[node name="Car2" parent="NavigationRegion3D/LevelGeometry/Zone1/BottomRoad/RoadObstacles" instance=ExtResource("6_w5yxe")]
transform = Transform3D(-0.999606, 0, 0.0280786, 0, 1, 0, -0.0280786, 0, -0.999606, 40.1312, 0.247466, 13.9252)

[node name="Car4" parent="NavigationRegion3D/LevelGeometry/Zone1/BottomRoad/RoadObstacles" instance=ExtResource("6_w5yxe")]
transform = Transform3D(-0.743051, 0, 0.669234, 0, 1, 0, -0.669234, 0, -0.743051, 34.5931, 0.247466, 0.55546)

[node name="Lamp" parent="NavigationRegion3D/LevelGeometry/Zone1/BottomRoad/RoadObstacles" instance=ExtResource("7_4q5b8")]
transform = Transform3D(-4.37114e-08, 0, 1, 0, 1, 0, -1, 0, -4.37114e-08, 40.631, 0.257217, 17.3152)

[node name="Lamp2" parent="NavigationRegion3D/LevelGeometry/Zone1/BottomRoad/RoadObstacles" instance=ExtResource("7_4q5b8")]
transform = Transform3D(0.179056, 0.198888, 0.963526, 0.0811034, 0.973036, -0.215924, -0.980491, 0.116808, 0.158098, 39.4098, 0.257217, 40.6105)

[node name="Lamp3" parent="NavigationRegion3D/LevelGeometry/Zone1/BottomRoad/RoadObstacles" instance=ExtResource("7_4q5b8")]
transform = Transform3D(1, 0, 0, 0, 1, 0, 0, 0, 1, 9.86318, 0.257217, 41.3136)

[node name="Lamp4" parent="NavigationRegion3D/LevelGeometry/Zone1/BottomRoad/RoadObstacles" instance=ExtResource("7_4q5b8")]
transform = Transform3D(1, 0, 0, 0, 1, 0, 0, 0, 1, -17.4006, 0.257217, 41.3136)

[node name="Lamp5" parent="NavigationRegion3D/LevelGeometry/Zone1/BottomRoad/RoadObstacles" instance=ExtResource("7_4q5b8")]
transform = Transform3D(1, 0, 0, 0, 1, 0, 0, 0, 1, -41.6282, 0.257217, 41.3136)

[node name="roadblock" parent="NavigationRegion3D/LevelGeometry/Zone1/BottomRoad/RoadObstacles" instance=ExtResource("8_1lgxw")]
transform = Transform3D(0.790679, 0, 0.612231, 0, 1, 0, -0.612231, 0, 0.790679, 39.4508, 0.484885, 18.9384)

[node name="roadblock3" parent="NavigationRegion3D/LevelGeometry/Zone1/BottomRoad/RoadObstacles" instance=ExtResource("8_1lgxw")]
transform = Transform3D(-0.487936, 0, 0.87288, 0, 1, 0, -0.87288, 0, -0.487936, -15.8452, 0.484885, 39.9104)

[node name="roadblock7" parent="NavigationRegion3D/LevelGeometry/Zone1/BottomRoad/RoadObstacles" instance=ExtResource("8_1lgxw")]
transform = Transform3D(-0.487936, 0, 0.87288, 0, 1, 0, -0.87288, 0, -0.487936, 3.37681, 0.484885, 30.6593)

[node name="roadblock8" parent="NavigationRegion3D/LevelGeometry/Zone1/BottomRoad/RoadObstacles" instance=ExtResource("8_1lgxw")]
transform = Transform3D(0.188598, 0, 0.982054, 0, 1, 0, -0.982054, 0, 0.188598, 3.37681, 0.484885, 33.1443)

[node name="roadblock9" parent="NavigationRegion3D/LevelGeometry/Zone1/BottomRoad/RoadObstacles" instance=ExtResource("8_1lgxw")]
transform = Transform3D(-0.19983, 0, 0.979831, 0, 1, 0, -0.979831, 0, -0.19983, 3.37681, 0.484885, 38.148)

[node name="roadblock11" parent="NavigationRegion3D/LevelGeometry/Zone1/BottomRoad/RoadObstacles" instance=ExtResource("8_1lgxw")]
transform = Transform3D(-0.99921, 0, 0.0397307, 0, 1, 0, -0.0397307, 0, -0.99921, 33.5344, 0.484885, 44.0527)

[node name="roadblock12" parent="NavigationRegion3D/LevelGeometry/Zone1/BottomRoad/RoadObstacles" instance=ExtResource("8_1lgxw")]
transform = Transform3D(-0.958696, 0, 0.284434, 0, 1, 0, -0.284434, 0, -0.958696, 24.32, 0.484885, 44.0527)

[node name="roadblock13" parent="NavigationRegion3D/LevelGeometry/Zone1/BottomRoad/RoadObstacles" instance=ExtResource("8_1lgxw")]
transform = Transform3D(-0.993163, 0, -0.11674, 0, 1, 0, 0.11674, 0, -0.993163, 27.0262, 0.484885, 44.0527)

[node name="roadblock10" parent="NavigationRegion3D/LevelGeometry/Zone1/BottomRoad/RoadObstacles" instance=ExtResource("8_1lgxw")]
transform = Transform3D(-0.487972, -0.846525, -0.21279, 0.00441797, -0.246177, 0.969215, -0.872848, 0.472009, 0.123868, -1.34271, 0.286797, 33.2626)

[node name="roadblock5" parent="NavigationRegion3D/LevelGeometry/Zone1/BottomRoad/RoadObstacles" instance=ExtResource("8_1lgxw")]
transform = Transform3D(-0.263368, 0, 0.964695, 0, 1, 0, -0.964695, 0, -0.263368, -38.3271, 0.484885, 35.9024)

[node name="roadblock6" parent="NavigationRegion3D/LevelGeometry/Zone1/BottomRoad/RoadObstacles" instance=ExtResource("8_1lgxw")]
transform = Transform3D(-0.0166845, 0, 0.999861, 0, 1, 0, -0.999861, 0, -0.0166845, -38.3271, 0.484885, 40.2189)

[node name="roadblock2" parent="NavigationRegion3D/LevelGeometry/Zone1/BottomRoad/RoadObstacles" instance=ExtResource("8_1lgxw")]
transform = Transform3D(-0.0723676, 0, 0.997378, 0, 1, 0, -0.997378, 0, -0.0723676, 22.7158, 0.484885, 41.6519)

[node name="CSGBox3D" parent="NavigationRegion3D/LevelGeometry/Zone1/BottomRoad/RoadObstacles" instance=ExtResource("9_x8j2o")]
transform = Transform3D(0.714656, 0, 0.699476, 0, 1, 0, -0.699476, 0, 0.714656, 38.0504, 1.72147, 39.4456)

[node name="CSGBox3D2" parent="NavigationRegion3D/LevelGeometry/Zone1/BottomRoad/RoadObstacles" instance=ExtResource("9_x8j2o")]
transform = Transform3D(0.291988, 0, -0.956422, 0, 1, 0, 0.956422, 0, 0.291988, -36.6931, 1.72147, 34.74)

[node name="roadblock4" parent="NavigationRegion3D/LevelGeometry/Zone1/BottomRoad/RoadObstacles" instance=ExtResource("8_1lgxw")]
transform = Transform3D(-0.952524, 0, 0.304465, 0, 1, 0, -0.304465, 0, -0.952524, -16.8928, 0.484885, 37.5283)

[node name="Stores" type="Node" parent="NavigationRegion3D/LevelGeometry/Zone1"]

[node name="CSGBox3D60" type="CSGBox3D" parent="NavigationRegion3D/LevelGeometry/Zone1/Stores"]
transform = Transform3D(-4.37114e-08, 0, 1, 0, 1, 0, -1, 0, -4.37114e-08, 66.9476, 2.38573, 12.4465)
use_collision = true
size = Vector3(0.2, 2.99975, 4.84358)
material = ExtResource("5_vqyvj")

[node name="CSGBox3D61" type="CSGBox3D" parent="NavigationRegion3D/LevelGeometry/Zone1/Stores"]
transform = Transform3D(-1, 0, 8.74228e-08, 0, 1, 0, -8.74228e-08, 0, -1, 52.2148, 2.88687, 48.1963)
use_collision = true
size = Vector3(0.2, 4, 3.23837)
material = ExtResource("5_vqyvj")

[node name="CSGBox3D" type="CSGBox3D" parent="NavigationRegion3D/LevelGeometry/Zone1/Stores/CSGBox3D61"]
transform = Transform3D(1, 0, 0, 0, 1, 0, 0, 0, 1, 0, -1.18154, 0)
operation = 2
size = Vector3(1.5, 1.6, 1.6)
material = ExtResource("5_vqyvj")

[node name="CSGBox3D62" type="CSGBox3D" parent="NavigationRegion3D/LevelGeometry/Zone1/Stores"]
transform = Transform3D(0.996228, 0, -0.0867732, 0, 1, 0, 0.0867732, 0, 0.996228, 45.238, 2.2069, 22.681)
use_collision = true
size = Vector3(2.497, 2.577, 1.1)
material = ExtResource("5_vqyvj")

[node name="CSGBox3D58" type="CSGBox3D" parent="NavigationRegion3D/LevelGeometry/Zone1/Stores"]
transform = Transform3D(0.996228, 0, -0.0867732, 0, 1, 0, 0.0867732, 0, 0.996228, 70.8235, 2.39359, 30.4821)
use_collision = true
size = Vector3(6, 3, 3)
material = ExtResource("5_vqyvj")

[node name="CSGBox3D59" type="CSGBox3D" parent="NavigationRegion3D/LevelGeometry/Zone1/Stores"]
transform = Transform3D(0.99973, 0, 0.0232282, 0, 1, 0, -0.0232282, 0, 0.99973, 72.0061, 1.81857, 27.959)
use_collision = true
size = Vector3(4, 1.8, 1.6)
material = ExtResource("5_vqyvj")

[node name="CSGBox3D67" type="CSGBox3D" parent="NavigationRegion3D/LevelGeometry/Zone1/Stores"]
transform = Transform3D(0.855989, 0.171174, -0.487836, -0.00174463, 0.944549, 0.328366, 0.516992, -0.280226, 0.808821, 66.9058, 6.41359, 36.2892)
use_collision = true
size = Vector3(3, 0.1, 15.6977)
material = ExtResource("3_oifnu")

[node name="CSGBox3D4" parent="NavigationRegion3D/LevelGeometry/Zone1/Stores" instance=ExtResource("9_x8j2o")]
transform = Transform3D(-0.00312413, 0, -0.999995, 0, 1, 0, 0.999995, 0, -0.00312413, 52.3198, 2.5298, -6.98476)

[node name="Dumpster3" parent="NavigationRegion3D/LevelGeometry/Zone1/Stores" instance=ExtResource("12_peqic")]
transform = Transform3D(-0.127896, 0, 0.991788, 0, 1, 0, -0.991788, 0, -0.127896, 65.6465, 0.946446, 7.27966)

[node name="Dumpster4" parent="NavigationRegion3D/LevelGeometry/Zone1/Stores" instance=ExtResource("12_peqic")]
transform = Transform3D(-0.00851709, 0, 0.999964, 0, 1, 0, -0.999964, 0, -0.00851709, 65.785, 0.946446, 10.6649)

[node name="Dumpster5" parent="NavigationRegion3D/LevelGeometry/Zone1/Stores" instance=ExtResource("12_peqic")]
transform = Transform3D(-0.00851709, 0, 0.999964, 0, 1, 0, -0.999964, 0, -0.00851709, 65.6107, 0.946446, 19.3665)

[node name="Dumpster6" parent="NavigationRegion3D/LevelGeometry/Zone1/Stores" instance=ExtResource("12_peqic")]
transform = Transform3D(0.0350391, 0, 0.999386, 0, 1, 0, -0.999386, 0, 0.0350391, 65.6107, 0.946446, 22.0307)

[node name="bin3" parent="NavigationRegion3D/LevelGeometry/Zone1/Stores" instance=ExtResource("10_a6t26")]
transform = Transform3D(-0.0928224, 0, 0.995683, 0, 1, 0, -0.995683, 0, -0.0928224, 64.6503, 1.13027, 44.8062)

[node name="bin4" parent="NavigationRegion3D/LevelGeometry/Zone1/Stores" instance=ExtResource("10_a6t26")]
transform = Transform3D(0.134695, 0, 0.990887, 0, 1, 0, -0.990887, 0, 0.134695, 64.6503, 1.13027, 43.477)

[node name="bin5" parent="NavigationRegion3D/LevelGeometry/Zone1/Stores" instance=ExtResource("10_a6t26")]
transform = Transform3D(0.146756, 0, 0.989173, 0, 1, 0, -0.989173, 0, 0.146756, 64.6503, 1.13027, 41.6538)

[node name="Generator2" parent="NavigationRegion3D/LevelGeometry/Zone1/Stores" instance=ExtResource("11_tg32h")]
transform = Transform3D(1, 0, 0, 0, -4.37114e-08, 1, 0, -1, -4.37114e-08, 57.0811, 2.17957, 17.6351)

[node name="Generator3" parent="NavigationRegion3D/LevelGeometry/Zone1/Stores" instance=ExtResource("11_tg32h")]
transform = Transform3D(-1, -8.74228e-08, -3.82137e-15, 0, -4.37114e-08, 1, -8.74228e-08, 1, 4.37114e-08, 49.9452, 2.17957, 12.4021)

[node name="Hardware Store" type="Node" parent="NavigationRegion3D/LevelGeometry/Zone1"]

[node name="Interior" type="Node" parent="NavigationRegion3D/LevelGeometry/Zone1/Hardware Store"]

[node name="SpotLight3D" type="SpotLight3D" parent="NavigationRegion3D/LevelGeometry/Zone1/Hardware Store/Interior"]
transform = Transform3D(1, 0, 0, 0, -4.37114e-08, 1, 0, -1, -4.37114e-08, 2.80211, 9.63426, 3.10565)
light_energy = 16.0
light_volumetric_fog_energy = 0.0
light_specular = 1.595
spot_range = 34.7432
spot_angle = 77.3438

[node name="CSGBox3D70" type="CSGBox3D" parent="NavigationRegion3D/LevelGeometry/Zone1/Hardware Store/Interior"]
transform = Transform3D(-4.37114e-08, -1, 0, 1, -4.37114e-08, 2.55835e-16, -2.55835e-16, 1.11829e-23, 1, -6.47625, 10.3722, 0.319051)
use_collision = true
size = Vector3(0.2, 3, 3)
material = ExtResource("5_vqyvj")

[node name="CSGCylinder3D" type="CSGCylinder3D" parent="NavigationRegion3D/LevelGeometry/Zone1/Hardware Store/Interior/CSGBox3D70"]
transform = Transform3D(-4.37114e-08, -1, 0, 1, -4.37114e-08, 0, 0, 0, 1, 0.849998, 0.934596, -0.851265)
height = 1.5
material = ExtResource("3_oifnu")

[node name="CSGCylinder3D2" type="CSGCylinder3D" parent="NavigationRegion3D/LevelGeometry/Zone1/Hardware Store/Interior/CSGBox3D70"]
transform = Transform3D(-4.57929e-08, -1, -1.33282e-08, 0.95238, -3.95483e-08, -0.304914, 0.304914, -2.66564e-08, 0.95238, 0.849997, 0.934596, 0.134737)
height = 1.5
material = ExtResource("3_oifnu")

[node name="CSGCylinder3D3" type="CSGCylinder3D" parent="NavigationRegion3D/LevelGeometry/Zone1/Hardware Store/Interior/CSGBox3D70"]
transform = Transform3D(-4.54622e-08, -1, -1.22471e-08, 0.959947, -4.02099e-08, -0.280181, 0.280181, -2.44942e-08, 0.959947, 0.849996, 0.934596, 1.07386)
height = 1.5
material = ExtResource("3_oifnu")

[node name="CSGCylinder3D4" type="CSGCylinder3D" parent="NavigationRegion3D/LevelGeometry/Zone1/Hardware Store/Interior/CSGBox3D70"]
transform = Transform3D(-1.311e-07, -1, -1.73745e-09, -0.99921, 1.31065e-07, -0.0397481, 0.0397481, -3.47489e-09, -0.99921, 0.849998, -0.0492272, 0.964124)
height = 1.5
material = ExtResource("3_oifnu")

[node name="CSGCylinder3D5" type="CSGCylinder3D" parent="NavigationRegion3D/LevelGeometry/Zone1/Hardware Store/Interior/CSGBox3D70"]
transform = Transform3D(-1.2955e-07, -1, 1.1663e-08, -0.963747, 1.27965e-07, 0.266818, -0.266818, 2.3326e-08, -0.963747, 0.849997, -0.088419, -0.0210998)
height = 1.5
material = ExtResource("3_oifnu")

[node name="CSGCylinder3D6" type="CSGCylinder3D" parent="NavigationRegion3D/LevelGeometry/Zone1/Hardware Store/Interior/CSGBox3D70"]
transform = Transform3D(-1.29837e-07, -1, 1.05696e-08, -0.970325, 1.2854e-07, 0.241803, -0.241803, 2.11391e-08, -0.970325, 0.849996, -0.125747, -0.959476)
height = 1.5
material = ExtResource("3_oifnu")

[node name="CSGCylinder3D7" type="CSGCylinder3D" parent="NavigationRegion3D/LevelGeometry/Zone1/Hardware Store/Interior/CSGBox3D70"]
transform = Transform3D(-4.37542e-08, -1, 1.93334e-09, 0.999021, -4.36258e-08, 0.0442298, -0.0442298, 3.86669e-09, 0.999021, 0.849998, -1.12478, -0.974909)
height = 1.5
material = ExtResource("3_oifnu")

[node name="CSGCylinder3D8" type="CSGCylinder3D" parent="NavigationRegion3D/LevelGeometry/Zone1/Hardware Store/Interior/CSGBox3D70"]
transform = Transform3D(-4.52442e-08, -1, -1.14739e-08, 0.964934, -4.06459e-08, -0.262492, 0.262492, -2.29478e-08, 0.964934, 0.849997, -1.08117, 0.0101292)
height = 1.5
material = ExtResource("3_oifnu")

[node name="CSGCylinder3D9" type="CSGCylinder3D" parent="NavigationRegion3D/LevelGeometry/Zone1/Hardware Store/Interior/CSGBox3D70"]
transform = Transform3D(-4.49615e-08, -1, -1.03792e-08, 0.9714, -4.12111e-08, -0.237448, 0.237448, -2.07584e-08, 0.9714, 0.849996, -1.03963, 0.948328)
height = 1.5
material = ExtResource("3_oifnu")

[node name="CSGCylinder3D10" type="CSGCylinder3D" parent="NavigationRegion3D/LevelGeometry/Zone1/Hardware Store/Interior/CSGBox3D70"]
transform = Transform3D(-5.95643e-08, -1, 2.13163e-14, -4.37114e-08, -1.77636e-14, -1, 1, -5.95643e-08, -4.37114e-08, 2.35, 0.892823, 1.04507)
height = 1.5
material = ExtResource("3_oifnu")

[node name="CSGCylinder3D11" type="CSGCylinder3D" parent="NavigationRegion3D/LevelGeometry/Zone1/Hardware Store/Interior/CSGBox3D70"]
transform = Transform3D(-1.62921e-07, -1, 7.10543e-15, 4.37114e-08, -1.42109e-14, -1, 1, -1.62921e-07, 4.37114e-08, 2.35, -0.0893254, 1.16884)
height = 1.5
material = ExtResource("3_oifnu")

[node name="CSGCylinder3D12" type="CSGCylinder3D" parent="NavigationRegion3D/LevelGeometry/Zone1/Hardware Store/Interior/CSGBox3D70"]
transform = Transform3D(-1.62921e-07, -1, 7.10543e-15, 4.37114e-08, -1.42109e-14, -1, 1, -1.62921e-07, 4.37114e-08, 2.35, -1.02477, 0.941212)
radius = 0.558972
height = 1.5
material = ExtResource("3_oifnu")

[node name="CSGCylinder3D13" type="CSGCylinder3D" parent="NavigationRegion3D/LevelGeometry/Zone1/Hardware Store/Interior/CSGBox3D70"]
transform = Transform3D(-8.2254e-07, -1, -1.77636e-14, 4.37114e-08, -1.77636e-14, -1, 1, -8.2254e-07, 4.37114e-08, 2.35, -1.10598, -0.000351429)
height = 1.5
material = ExtResource("3_oifnu")

[node name="CSGCylinder3D14" type="CSGCylinder3D" parent="NavigationRegion3D/LevelGeometry/Zone1/Hardware Store/Interior/CSGBox3D70"]
transform = Transform3D(4.32755e-07, -1, -1.06581e-14, -4.37114e-08, -7.10543e-15, -1, 1, 4.32755e-07, -4.37114e-08, 2.35, -0.0245042, -0.0106061)
height = 1.5
material = ExtResource("3_oifnu")

[node name="CSGCylinder3D15" type="CSGCylinder3D" parent="NavigationRegion3D/LevelGeometry/Zone1/Hardware Store/Interior/CSGBox3D70"]
transform = Transform3D(4.73111e-07, -1, -1.06581e-14, -4.37114e-08, -7.10543e-15, -1, 1, 4.73111e-07, -4.37114e-08, 2.35, 0.906904, -0.0206838)
height = 1.5
material = ExtResource("3_oifnu")

[node name="CSGCylinder3D16" type="CSGCylinder3D" parent="NavigationRegion3D/LevelGeometry/Zone1/Hardware Store/Interior/CSGBox3D70"]
transform = Transform3D(-1.32676e-07, -1, 1.42109e-14, -4.37114e-08, -7.10543e-15, -1, 1, -1.32676e-07, -4.37114e-08, 2.35, 0.833989, -1.01717)
height = 1.5
material = ExtResource("3_oifnu")

[node name="CSGCylinder3D17" type="CSGCylinder3D" parent="NavigationRegion3D/LevelGeometry/Zone1/Hardware Store/Interior/CSGBox3D70"]
transform = Transform3D(-1.62921e-07, -1, 7.10543e-15, 4.37114e-08, -1.42109e-14, -1, 1, -1.62921e-07, 4.37114e-08, 2.35, -0.143343, -0.99671)
height = 1.5
material = ExtResource("3_oifnu")

[node name="CSGCylinder3D18" type="CSGCylinder3D" parent="NavigationRegion3D/LevelGeometry/Zone1/Hardware Store/Interior/CSGBox3D70"]
transform = Transform3D(-4.37114e-08, -1, 1.77636e-14, 4.37114e-08, -1.77636e-14, -1, 1, -4.37114e-08, 4.37114e-08, 2.35, -1.12028, -0.972107)
height = 1.5
material = ExtResource("3_oifnu")

[node name="CSGBox3D71" type="CSGBox3D" parent="NavigationRegion3D/LevelGeometry/Zone1/Hardware Store/Interior"]
transform = Transform3D(-4.37114e-08, -1, 0, 1, -4.37114e-08, 2.55835e-16, -2.55835e-16, 1.11829e-23, 1, -6.47625, 10.3722, 3.58394)
use_collision = true
size = Vector3(0.2, 3, 3)
material = ExtResource("5_vqyvj")

[node name="CSGCylinder3D" type="CSGCylinder3D" parent="NavigationRegion3D/LevelGeometry/Zone1/Hardware Store/Interior/CSGBox3D71"]
transform = Transform3D(-4.37114e-08, -1, 0, 1, -4.37114e-08, 0, 0, 0, 1, 0.849998, 0.934596, -0.851265)
height = 1.5
material = ExtResource("3_oifnu")

[node name="CSGCylinder3D2" type="CSGCylinder3D" parent="NavigationRegion3D/LevelGeometry/Zone1/Hardware Store/Interior/CSGBox3D71"]
transform = Transform3D(-4.57929e-08, -1, -1.33282e-08, 0.95238, -3.95483e-08, -0.304914, 0.304914, -2.66564e-08, 0.95238, 0.849997, 0.934596, 0.134737)
height = 1.5
material = ExtResource("3_oifnu")

[node name="CSGCylinder3D3" type="CSGCylinder3D" parent="NavigationRegion3D/LevelGeometry/Zone1/Hardware Store/Interior/CSGBox3D71"]
transform = Transform3D(-4.54622e-08, -1, -1.22471e-08, 0.959947, -4.02099e-08, -0.280181, 0.280181, -2.44942e-08, 0.959947, 0.849996, 0.934596, 1.07386)
height = 1.5
material = ExtResource("3_oifnu")

[node name="CSGCylinder3D4" type="CSGCylinder3D" parent="NavigationRegion3D/LevelGeometry/Zone1/Hardware Store/Interior/CSGBox3D71"]
transform = Transform3D(-1.311e-07, -1, -1.73745e-09, -0.99921, 1.31065e-07, -0.0397481, 0.0397481, -3.47489e-09, -0.99921, 0.849998, -0.0492272, 0.964124)
height = 1.5
material = ExtResource("3_oifnu")

[node name="CSGCylinder3D5" type="CSGCylinder3D" parent="NavigationRegion3D/LevelGeometry/Zone1/Hardware Store/Interior/CSGBox3D71"]
transform = Transform3D(-1.2955e-07, -1, 1.1663e-08, -0.963747, 1.27965e-07, 0.266818, -0.266818, 2.3326e-08, -0.963747, 0.849997, -0.088419, -0.0210998)
height = 1.5
material = ExtResource("3_oifnu")

[node name="CSGCylinder3D6" type="CSGCylinder3D" parent="NavigationRegion3D/LevelGeometry/Zone1/Hardware Store/Interior/CSGBox3D71"]
transform = Transform3D(-1.29837e-07, -1, 1.05696e-08, -0.970325, 1.2854e-07, 0.241803, -0.241803, 2.11391e-08, -0.970325, 0.849996, -0.125747, -0.959476)
height = 1.5
material = ExtResource("3_oifnu")

[node name="CSGCylinder3D7" type="CSGCylinder3D" parent="NavigationRegion3D/LevelGeometry/Zone1/Hardware Store/Interior/CSGBox3D71"]
transform = Transform3D(-4.37542e-08, -1, 1.93334e-09, 0.999021, -4.36258e-08, 0.0442298, -0.0442298, 3.86669e-09, 0.999021, 0.849998, -1.12478, -0.974909)
height = 1.5
material = ExtResource("3_oifnu")

[node name="CSGCylinder3D8" type="CSGCylinder3D" parent="NavigationRegion3D/LevelGeometry/Zone1/Hardware Store/Interior/CSGBox3D71"]
